  55  0    0   PROB556.txt    H    L    W
  73  113  137   80   77  125   79   75  100  107   86   69  138  127  129   79   75   93   44   98   76   74  122   97   69   88   90  139   69  147  119   95  124   62   89   75  181  115  112   94   99  125   49   95  154   95   74  133   97   59  120   68  155  119  127 
2169 2194 2319 2331 2574 2722 2822 3119 3216 3307 3324 3334 3459 3534 3537 3544 3644 3656 3667 3753 3768 4148 4253 4467 4852 5018 5093 5162 5192 5194 5254 5350 5388 5418 5478 5591 5628 5713 5964 5979 5982 5984 6047 6098 6277 6295 6353 6670 7097 7147 7272 7346 7363 7408 7477 
   1    6   15    7   10    5    5    7    8   15   11    8   18    1    8   16   18   12   11   12    6   11   17   20    6    3    1   15    4   15   14    7    3    8    6   20   10    3   12   16   12   13   11    1    3    7   13    3   13   18   15    8   12   14   16 
   0   18    2   12    6   13   17   17    9    4    9    6    5   16   16   18    1    7    4    4   18    9    6   10    1   18    4    2    2    6    7    6   12    2   15    4    7   11    2    5    3   11   16   15   10   14    9    7   17   14   19   18   17   14    2 
   2    0    4   17    9   10   13   19    6    9   13    9    0    1   12   17   10    6    8    2   16    9    2    8    3   20   17   11   16   12   16   13    2   14   17   11   16   14   14    6   14   20   18   10   15    4   13   19   15   10   15   13   17    3    9 
   5    9    0   13   10   17   15   19    9   11    0    3   10   10    2    0    5   10   19   11    2    1   11   11    3   13   18   11    1   12   18    1   15   11   15    3    4   14   12    9   15    4    0    5    6    2   11   17   19   14    1   12    9    4   13 
  10   15    7    0   14    9    0    9   12   17   11    7   18    2   18    9   13   11    3    9    3    2    9    3    1   14    4    2   11   13    6   17   13   16   11    9   19    8    7   16   14   16   17    4   15   12   13    6    4    9    3   12   18    8   13 
   5    5    0    1    0    4   18    4    8    9    2    8   16   17   20    1    6    6   18   12   11    1    0   19   19   14   18    8    7    4    5    2   14   11   13    6   14   16    4   12    6    9    2   14   11    0   13   18   12    5   14    2   12    9   12 
  11    4    1   18   11    0   16    1    8   10   15   11   19    6    0   11   16    8    4   19   11   14   16    5   19   15   17    2   13   14    0   12   19   10    4    5   17    4    7   15   11    3    7   17    1   18   17   17    1    8   11   11   16   16   11 
   6   10   20    4    1   12    0    4    3   10    4    6    9    3   19    7   14   12    7    8   17   13   14   13    3    4   16    9   10   14    3    7   10    1    1   19   13    4   16   18   10    5   11   11   12   12   13    2   14    2    4   13    2   17    0 
   6    4    1   19   20    0   19    0    8    5    8   18    7    8   17   17    6   13    1    9    9   13    0    2   19    1   14    1    9    8   16    3   18   17   19    0    7    3   18   15   13    5   15   18    8   17   17    2    1   13    8   16    9    3   14 
  13    2    8    8   14   18   12   11    0    2   17    3   19   19   10    7    7   19   14    7   12   12   16   13    5    4   10   15    5    5    8   10    5   10   20    7    2   11   19    4   18   17   19   14   14    5   11   11   10    1    4   18    0    6    5 
  11    4    4    4    4    6   14    8   13    0    4    8    4   15   15   15   20   11   10   17    6   16   18    7    9    6   11   19    4    9    6    8    0   14   15   12   12    5   16   17    2    3   20   15   12    6    8   11    0    6   16    3    9   15   14 
  14    6    7    1    9    9   10    2   14    8    0    2   11   13    4   11    3    3    5   12   11   12   16    3    2    9   18   18    8   10   18   11    2    1   19   20   14    2    3   17   14    4   10   17   18   15    5    6    7   14   18   14   15   10   12 
   3    9   10    4    7    4    9    8   10   14    1    0   13    3   15   14    7    6   17   19   20    8    1    2    7    6    2   20   15   17   19    9    6   13    8    1    1   19    3    3   17   10    3    6    5   15    8   15    0    8   17    7   17   15   12 
   8    6    9    6   17    3   14   13    6    1    3    7    0    6    4    4    0   16    1   16    8   17   17    5    4   19    7   11   20    4   12    0   12   15    2   15    9    5   13   16   11   12   10   11   10   16    5   18   11   20   13   20   13   10    5 
  16    7   16    9   12    3    4   12   16    0   11    2    6    0    4   11   13   18   13    9    6    7   14   11    8    6   19    7    2    1    1    6   15   15   19    9    8    7    8    7    5   15   13    2    9   18    2   11   19    6   14    1   17    4    9 
   6   12    9   10   17    1    8    5   13    2    8    9    1   11    0   14    7    7   15    2    7    3   12   17    9   11    3   15    8   10    6   18   16    2    2   10   11    8   18   16   10    4   10   16    8   11   18    8    1   17   15    4   19   18   15 
   7    6   11    1   12   19   10    2    7    5    6    5   20   13    2    0    5   10   11   13    8   13   20    9    6   19    7    8    5   12   15    6    7   17    9    2    9    4    5    1    9   16    8   13    5   17   14    5    0   14   19   15    2    6    8 
  11    8    8    3    2   16   14    2   13   10    1   18   10    8    1    1    0    5   12    8   18   10   16    3   10    9   14    9    1   10   20    8    0    5   14    5    2    9    8    2   18    6    9   17   19    0    9    5   12    4   13   19    8    6   13 
   1   15   15    8    9    2   14   11   12   14   15    4   12   11    1   12    4    0    3    1   11    9   12   11    3    9    2    1   10    7    5    8    9    2    1    7   10   15   12   20   13   12    3    3   15    5   10   14   11   18    8    4   10    5    0 
  16    4    1    4   15    7   18    1   13   18    5    7    8   10    6   14   12    2    0    2   14    1    0   19    1   13   13    6   17    7    1   17   16   16    6    1   13    9   18   13   15   10   12   11   18   11    5    2   17   14    8   14    2   14    8 
  10   11   13    3   16    6    5   15    5    8    6   20   15   13   13    3    0   15   16    0    9   13    2    9   10    8    0   13    7    6   11   15   11   18    2    7    0    6    8   14    1   10    3    5   12   11    8    3    8    7   20   15   14   18   16 
   3    7    2   16   16   18   10    7    8   12    7    4   15   15    3    7   10   15    8   17    0    8    4    1    6    1    2   13    2   17    8   11   18   14   19   15    5   11   13    8    6    5    1   10    7   15   10   19    1    8   10   15   13    8    5 
  13   17   10    2   19   12    9    5   11   11    4    6   11    9   20   15    1    7    7   14    5    0   15   10    6   14   16    8    8    5    1    9    1   15    6    3   12    8   15    3    6    5    3   13   19   18    4   13    3    6   16   15    1   12    4 
  14   13   20    7   19    6    3    8    9   17   20    3   19   14    7    0    3   10   10   11   11   14    0   10    6   10   13   12    9    3    5   12    4   15   18    1    3   18   15   14   17    8    4   19   12   19   14    8   14    3    5   20    0   12    3 
  16    9   11   15   20   11    4    6    5   10    7   13   11    5   15   11   16    3   16   19   16    4   13    0   18   17   10   11   14    0    6    7    4   19   12   17    6   14    9   12    7   11   13   16    5   13    7    1   14   18    1   11   15    7    8 
   3    8    0    3    0   11   18   15   15    7   10   14   19    0    3   12   16    1   14    0    7   20    0    6    0    1   11   14    5    3   10   11   16   16    2   15    8    2    2   13    4    2   15   12   17   15   17   19   19    6   18    4   10    8    4 
   3   17   13   11    5   20    9   12   16    2   14    7   10   17   10    8   17   14   18    8   17    6    6   10    5    0    0    8    1   17   15    4    9   12   17    3   17   13    4   11    9    5   14   14   12   18   11   12    4    7    9    0   17   15   10 
   9   15   13   19   20   17    5   18    5   17    2    6   15   10   18    3   15    6    3    6    5   14    7   14   16   11    0   18    2   12   11    8   17    5    7   16   17    1   18    7   18   18    5    2   13   17    4    2    9   12    2   17   16   14    7 
   0    7   15   16   14    4    0   17    5    9    2    5    3   15    7    9    4   13    6    1   15   20   10   19    3    9    4    0   12    8   12    7    4   15   15    2   18   15   14   14    6   15    2   10    8   14   16   15    7   10   13   13    1    0   12 
   4    8    9    9   17   14   15   18    3   14   14    8   13   14    3    1   17    1   18   12   11   18    7   12    0    4    8   12    0    6   16    5    1    2   14    4    6    3   17    4   17    9    1   13   17   17   15    4   19    2   17    9   14   17   14 
   8   15   17   13   17   17    3    9    4    4   14    3   16    4   19    5    8   20    3   20    8    6    8   18    2   10    4    4    0    0    9    5   17   17   19   15    2    2   12    0   20    8   16   12    3   18   18   17   14    5    0   16   12   12   17 
  16    8   17    5    4    5   14   14   18    3   10   17    6    1    6    1   10   19    0    1    7   12    4   13    2   11   17    1   19    5    0    1   14   12    0    4   19   10   16    8    2   10    5   13    4    8   18    7   15    4    8    7   12    3   12 
  17   18   13    2   16    5    6   12    6   15   17    0    6    1   14    8    9   14   12   18   18   11   18   10   14   16   11   13   13    2    3    0   19   10    0   18    9   12   15   19    4    2    4   13   17   19    5   11   11   19    6   14   19   11    7 
  14   14    8   12   14    1    8   11    5    8   14   17    5   17    2   12    8   17   16    7   10    5   16    4   19    4   12   14    3   13   15    9    0    7    7   16    8   18   13   18    6    8   15   13   12   11    2   18   19   12   18   17    1    3    8 
  19   15   17   18    3    0   12   16   20    0   19    9    4    5   10   17    2    0    3    7    5   14   12    2   14   15    6    7   19   11    4    6    9    0   19    9    8   11    1   12   16   16    7    8   16   16   10   12   12   13   13   11   13   13   17 
  17    1   18    4    2   15    1    7   13    6    9   14    7    6    3   15    5   14   11   14   17    4    4   12    5   11    4   18    0    3   17   13    7   20    0   17    1   19   12   11    9    9   14    4    5    2   15    4    0   11    7   10    8   18   13 
  10   15    6    3   15   15    7    0    2   13   13    8    6    0    5   16    0    5    9   20   10    2    4    9   11    8    2    5   14   13    3   20    6   18    1    0   17    5    1    4   17    3    2    9   18   16   18    7   19   10    6    9   12    8    7 
  14   12    2    6   10   13    1   16    0    2    2    5   19   17    9    8   17    5    9   11    7    8    3    1   13   18    3   13   17    4    1   10    6   14   20   20    0    1    4   13    5    1   11   20   14    5   16   15   13    7    3    0   13    1   16 
  11   18    6   19   10    7    1    8   19    9   18    4    2    3    1    8    5    3   13    0   18   12    9    1   14   13   13    7   14   19    6    7    1    3   20    8    9    0   14    7    4   11   18    2    9    6    2    2   17   19    8    2    0   20   15 
  13    4    5    9    3   16    0    3    8   20    7   15   11   13   16   14    3    1    8    0    1    2    7    2   12    9   13   20   20   20   17    6    4    8    2   13   19   10    0   19   11   10    4   13    7   15    3    7   10   10    4    5   18   18   17 
   7    4   17    3    4   14   19   14    4    1   15    5   17    5   18   11    8    6   10    5   14    6   16    9   20   12   18    5    3   10   16    9   11    2   13    5    0   17   11    0    7   15   18    2    2   17    7   18   12    3   14   17    6   13   10 
  18   14    3   16    9    1    0   17   18   14   11    4    8   10   17   19   10   14   10   17    7    7   15   20   12    2    9   12    6   16    8    1    5   12    3    2   17   15   15   19    0    6   14   11   20   19   13   17    7   18   17   16   19   19    1 
   2   15   16   12    9   11   16    4    2   16   11    5   18   18   17    3    3   14    4   12   12    5   13    3    8    4   11   16    5    5    2    4   19   12   19   18    3   10   19    7   18    0    8    7   11    7    9    2   10   18   12    7   20    4    5 
  14    7    7    6   17    0   20    9   15   16    7    5   14   11   16    2    0    2   12   17   19   13    5    9    8   19   14    3   18    1   14    5   11   18   19    9   19    1    2    9   10   19    0   16    3    3    1    5   18   19    7   11   20    4    2 
   5    4   12    5   17    4    1    9   12   10   16    9    7    8   13   20    1    8   14    2    1   10    5   11   10   11    5    6   20   16    7   11   18   18   11   13    2    5   16   18    3    4    7    0    4    3    9    5    0   14    7   20   16   16   19 
  10    3    1    5   14   11    3   10   15    4    0   17    6   14   16    2    9   20   18    5   12    0    8    3   17   11   14    6   13    7    5   20   17   11    7   14    6    9    7    7    1   11    6   11    0   18   15    7    5    7   12   17    6   17   18 
  19    3   13    2   17   13    7   16   20   10    5   20   18    9   19    3   18    4   17   13   17   14    4   17   15    6   13   19   18    1   11   18    3   16   18   13    8   16   15   11    7    1   19    6   13    0    1   13    8    4   18    6   16    9   12 
  17    7    8    6    7   15    8   16    0    7   15   11    7    7   19    0    7    3    1   10    4    7   16   14   11    7   11   17   10   12    6    9    7   18    5   19   18    5    7    7    7   10    6    8    8    2    0   19    2    6   15   17   10   16   12 
  16   18   10   17   15   18    8   19   11    0   17    6   10    8   15   10   14    9   14    1   20    5    0   11   15   15    9    8    1   10    6    3   20    3   17    5    2    5    7    3   19    9   11   18   15    7    1    0    5    7    7    0    9    9   11 
   2   19    0    1   17    8    7   16   14   19    9   15   20    3    9   13   15    5    3    2    2   16   19   13    1    6    9    3    8   12   17    4   13   12   14    4   20    5   16   14    3    4    1   16   17   16   14   10    0    8   14    4   20   17    1 
   7   10    2   15    2   18   17    9    8    6    1   11   19    9    3    9   17   17    3    0   14   17   10    8    4   15   13    8   10    5    6    7   12   11   15   11    7    8    6   10   12    7    1    3   19   12   15    8   14    0    1   11   13    6    7 
   1   17    5   14   15    7   11   12    3    6   14    5   15    8    3   12    9    7    4   15    4   14   17   18   12    4   10    2   11    0   19    5   10   17    5   14    1   17    8    7    8   19   20    8   11   19   16    3   17    3    0   13    5    9    4 
  10   14   16    4    8    5    7   15   10   14    7   19    1   12   18   19    7   16   10    3    2   13    2    5   18   11   10    2   15   16    5   13   13    0    9   11   18    6   12    1    4   17   14   13   15   14    3    8   10   18    8    0   18    6    1 
  15   11   12   19    4    7    8   16   20   12   11   12   17    8   18   19   10    2    6    4   15   19   10   19   13   17   14   13   13    7    3    7   17    6    5    2    7    3    8   14   16   14   20    7   20   15   12   15    3    9   13    2    0    7    4 
  11   10   12    1   15    5   20    4   17   10    2   19    9    3    5    4    5   10   10   16    2    9   10   11   15    6    7   15   16    1    1   18   18   10    2   11   15    3    2    2   12   19   10    6   12   11    2    4   11    6   11    3   20    0    5 
   5   17   11    6   10   13    7    8   13   12    2   15    7    3    1   17   14   18   14   13    3    5    8   14   13    8    8   15   16   10   17    8   12    6   19   14    2    0    7    5   10    5   11    5    8    1   19    9   12    9   14    9   11   18    0 
