          35      19277 0
  107   88   91   89  104  107   94   99  104  102   99  102  100   96  107
  100  100   91  104  101  100  103   96  101   97   93  102  103  100  106
   94   97   96   98   95
 -132  -78  -45  -34  167  252  263  277  369  410  430  491  543  630  643
  898  930 1136 1169 1174 1324 1444 1557 1605 1723 1863 2404 2468 2567 2594
 2716 2930 2947 3081 3158
   11   18    0   11    3    5    1    7   12   20    9   10   18    2   11
    0   10    1    6   20   14    3   11   12    8   10   16    4    9    7
    0   17    1    4    4    0    6   19    3    2   17   13    3   14   16
    2    0   12   11   12    9    1    7    2   20   11    1   16    3   10
    5    1   14   18   17    0    1    8    7   11    9    0   16    5   18
   16    8    4    8    1    8    8   10    6   11   14    7   19    0   16
   11    5    6   15   14    5   15   10    3    5    0   14   10   17   17
    6    4    0   13   18   19    0    7   13    6    6   20   20    4   19
    1   18   14    7    8   11    1    0   10   15   14   19   18    0    9
    0    5    6    2   10    8   20    8    0   15   14    5   11    2    4
    5    4    0   16   16    6    7   16    5   18   19    5    3   13   11
    9   16   15    6   18   20    4    9    8   18   15   15    0    2    0
   11   20   16    8   12    4   10    8    0   20    1    5   14   14   11
    6   10    1   11   15    2    1   12    1   10    5   19    6   11    6
    0   15   15   19   10    0    7    5   16   13    0   19   16    5    8
   16    5   12    2    3    2   13   17   19    7   18    4   18   14    0
    5   11   13   17    0   18   10   12   19    2    4    0   20   10    4
   12   14   11    3   15   17    2    7   12   10   14   17    1    4   15
   10   20   18   16    1   13   17   18    8    1   17    2   15   10   10
   15   10    0    0    4   12   16   19   13   10   10    2   19    6   18
    0   12    5    1    7    6   16   20    7    5    2    3   10   18   13
    9    1    0    5   20   16    1    4    0   12   11    6   18   11    5
    6    2    2    5    8   14   13   11   15    6   18    6    3   16    6
    2   17    3    3   15   11    0    8   14    4   18    1   17   19    0
   15   11   17    6   18   17   12    2   11    3    6   18    9   15    9
   13   13   17   10    0    2   12   17    8    3   18    4    7    9   15
   20   20    8   17    8    0   15   11    1    3   17    0    7   11    5
    6    3   19   14    2    6    0    6    8    1    7    7   11    4   11
   16   12   10    5    5    7   18    2   19   17   10    0    6    2    2
   20    6    0    3   13   14    6    9   20   19    4   12   16    2   15
   16   18    2    0   19    4    1   10   13    6   14    6   19    1   11
   13    5    0   10    0   13   10   17   19    8    6    5    4    3    7
   12   18   15    9    6   17    3   19    8   18    9    9    3   17   18
    3    3    1    0   15   16   14    3    0    2   13    4    2    6   18
    2    4   18    7   10    2    4   18   13   20   17    6   10   11   10
    8    7    4   14   19   18   13   19   11   17   13   12    7    5    0
    5   15    1    8   18   18   17    6   15    8    0   18   15   15    9
    5   14    3   14   12   12   20   18   10   16    8    3   14    5    3
   10    6    1   13    3    0   13    7   20    4   10   13   12   13   14
    6    8   20   15   11   15    6    6    5    9    6    1    1    1    9
   19    6    3    6   14   10   18    2   20   17   12    0    5    3    1
    0   19    9   18   13   10    1   17   20    2   17   10   16    7   15
   19   20    8    3    1    5    0   10    6   19   15   10   16    6   13
   14    9    0   16   13   17    1   19   10   11    0    7    2    7    5
    6   15   12    1   12   10    6   13   17   20   16   17   13   17    2
    7    2    2    6    3   10   13   14    0   15   15    2   10    4   11
   15   18    7    9    5    3    1    0   12   16   19    9    5    4    7
    9   10   13    5    9   12   19    5    7    5    9   14    0    2    0
   17   19   19    9    1   12   14   11   10   16   19   12   20   13   19
    3   11    3    9   18   10    0   16    4    3   18   17    6    8   11
   11    9    7    2    9    0   15    1   19   20   10    0   16   14   13
   10   12    8   16   20   16    7    2    5   13    6    5   10    2   13
   10   17   18    9   16    3   10   15   16   18   13    0   11    1    3
    8   10    1    9   10   11    0   15    0   10   17   11    0   10   14
    6   13   11   13    0   20    1    8   10   10    9    6   15   19    2
   10    8    0   20   14    0   10    5   14    2   12   18   11    2   20
   17    3   19    2    0   16    5   11    3    5    8    1   19   14   15
   12   11    1    6    9   12   16   10    0    5   11    1    9    8    9
   12    8    2   15    0   14    5    7    8    7   18    9   13   16    7
   15    9   14    5   15    3   16   15    0    4    9   20    6    4    0
    3   14   10    5    3    9    2   10   15   12   12    5   20   14    0
    8   18    3    4    8    9   13   12   19   14    4    4    3   11   20
   10   15    6   14   19    0   14   10    0   10   12   19   11   17    4
    2   16   12   10    0   17   16    7    2   14   12   15   10   16    6
    4   12   11    8   15    1    7   12    8    8    3    0    4    0    7
    6    4   19   13   13    3    9    8   10    1   14    2    4    0   20
   16    9    2   10    3   13    9   10   14    7   17   13    5    3   13
   13    9    0   12    9   16    8   15   17   13   18   15   20   17   19
   15    2    8   19    5    3   15    5    5    0    4    5   11    1   10
    1    0   17   18    8   18    6   14    0    1   13   11    0    6   18
    4   11   19   10    7   15   13    6    2   16   20   16   16   14    2
   13   13   14    7   15   20   20   11    6    8   13    0   15   14    0
   16   11    3   12   12   19   14    8    5   16    9    7    8    0   11
   13   17   12   13    7   14   16   13    5   20    8    8    8    3   20
   19    1    0    4    0    0   14    6    0    8   20   13    8   18    2
    7    5   20    3    3    2    1   19   10    0    1   11   14   10   13
    5    8   15   10   18    5   10    9    1   18    7    0   12    2    3
   17   17    8   20    2    7   20    0   13   18   13   20   14   10   12
    2   16   17    9   17   15    1    7   16   13   13   20    0    0   17
   13    4    0    0    3    4    3   13   15   15    9    6    3   10    3
    1   11   20   18    9   10   11    4    7    7   11    3    1    1   20
   15    8   18   11   18    5   12   19    0    4    7    2   12    0    3
    6    6    8    7    5   14   10    6   11    2    7    5   15   20    1
   19   10    0   19   12   12    9   18    1   12    2    3   19    9    0

