          45      25070 0
  106  118   61   92   99   99   94  113   94   96   81   91   89  141   81
  126   74  115   76  115  143  106  125   84  102  107   57   67  143  117
  122   91   73   81   90   82  116   95   68  129  107   92   99  142   88
 1505 1520 1535 1549 1560 1561 1572 1606 1621 1637 1644 1654 1662 1680 1706
 1720 1816 1827 1845 1893 1911 1913 1940 1957 2056 2062 2124 2184 2198 2201
 2221 2229 2237 2253 2297 2301 2308 2310 2316 2322 2350 2421 2422 2449 2456
   10   19    3    3    7    6   13   17   16    8   11   13    1    2    2
   17   16    3    9   18   11   15   18    3    8    7   11    1    0   12
   12    1    4   16    0    5   13    1   18   13    6   12   13    9    3
    0    6   16   16   12    9    6   10    8    9   13   12    6   16   18
    0    0   18    6    5   16    4   13   15   10   18   16    3    8   18
   13   18    3    2   16   20   16    7    4   12    9   12   14    7    8
    4    0    5    1   18   14   15   18    9    3   10   10   16   20   14
    2   11    7   20   12   17   14    6    0    6   10   20   14    7   13
   15    7   12   11   13   14   19   11    7   13   11   18    3   13   11
    4   14    0   18   19   11    7   13   11    2    4   11    6   20    9
   16    2    5    7   11    0    9    8    5   11    3    5    2    0    9
    4    4   15    6   17   20   17    3   20   17   12    4   18    4   20
   13   19   16    0   16   11   14   14    9   11   20   11   15   14   15
   19    9    3   13   17    4   18   20   17   16   11   10    3   17    7
    6   19    6   19    4   17   14   12   12    6   19    2    4   10   19
   11   20    4   16    0   14    1    9   18   16   15   18   18   14   18
   13   12   18   18   14   18   18    4   15   18   16   18   10   14    0
   12    4    4    5   14    9   10    1    4   10   11   10   13    6    9
    9   11   15    5   18    0    1   20   11    4    3    9   11   11    5
   14    7    4    9   11    0    5   18    4   11    3    7    7   18   16
    8   10   14    3   14   13    2    9    2    2   18   10   13    2    8
   15   14    3    2   19   16    0   12    2   20    1   15    0    7    7
   17   14   17   19    7   17   11   17    9    7   20   17   10   13    4
    5   11   18   17   16    4   10    1   20    5   11    0    7    5    2
    6    7    2   19   18    4    3    0   13   10   13   18    1    7   19
   13   10    2    4   16    0   20    7   18    6    9    5    3   17    4
   13   18   10   17    7    7    1   14   20   19   17    2    7   12   10
   13   14   11    8    8   13    6    3    0    7    2    4   11   14   12
   12    9    5    1   12   20    6   19   11    6    9   13   10   14    4
    7   13    5    4   12    7   15   17   12   10    3   16   12   15   14
   15   16   19    9   13    9   14   13   10    0   16   13    3   18    7
    0   16    2    6   12   17    4    3    5   20   19   14    9    6   17
    6    0    7   16   19    8    0    3    9    7    8   12   14    0   16
   17   11   13   11    1   18   10   18    3    4    0   19   16   20   17
   10    9   18    6   10   19    1    2   14    7   17    7   10   13   12
    9   15   15   14   12   20   12    0   16   13    2    2    2   13   17
   19    3   15    7   15    1    3   12    7    3   18    0    4   12    4
   16    8   13   10    1   18   17    9    5   18   16    4    5    2    6
    0   19   11   20   10   13   14   10    2   10    2   14   15    5   11
   13   17   19    6   20    9    9   10   17    4   15    2    0   15   13
   15    8   18    2    5    9    1   10   19    9    3   10    4   13    7
    6    2   16   13    5    0   11   18   16   12   16   12    1   16   14
    6   15    2   20   17   12    1   12   17    8    1   11    0    0   18
   12   15   15   15    0   17    2   12    0    2    2   10   13   15    6
    5   16   18    2   12    9   13   16    4   20   20    0    5   19    7
   18   18   16   17   13   10    0   12   20   13   20    6   12   19    0
   16   15   12   19    7   11    3   15   19    6   11   17   13    2   19
   12   15   19    5    3   12    9    1    3   18   10    3    8   12   13
    4    0   16   18    1   18   14   20    3   11    4   20    4    3   19
    0    2    4   15    5   12    9   16   14   12    9   17   12   12    3
    1   18    0   17   15    9   10    3   12   12    8    7   19   14   20
   13   19   19    3   20   16   13   20   19    4    1    9   13    7    8
   15    0   14    1    8   20   12    5    1   20   18   13    0    3   12
   14   16   13   11    4   19   20    5    0   17   12   13   11   13    2
    7    1   20   11    8    5   20   18    4    8   10    2    3   13   15
   15   10    0    5    3   15    2   14   18   12   12    0    4   12    3
   11    1   13    2    1    3    3   10   14   10    8    2   18    3    2
    8   13   12   19    1    6   19    7    8    2    1   20   14   17    3
   16    7   20    0   19    3    2    5   14    3    0   12   19   17   15
    7    5   14    6   16    4   15    8    6    3   20    7   11   14   16
    2   10   13    9    3    0    0    0   16    3   17   17   15   11    9
    2    1   13    2    0   13    3    8    3    6   10   18    0    0    2
   17   13   20    0   14    5   17   15   10   15    3   15    4    3    4
    9   13   18    6   13    1   12    1    5   14   11    7    5    4   16
    2    3   12    2    2    0    6   11    2    3   20    9   14   12   11
    2    3    2    0    0    5   12   11   18    9    6    1    1    5    0
   15   16    2   18   18    7   12    2   16    8   11   18   19   11    7
    3    6   15   16   19    2    0    5   12   16    4    0    2   11    6
    2   20    0   16   18    0   15   12   19   13    9    0    3    1   17
   13    9    7    1    7   13    2    7    9    0    4    1    8   12    6
    1   17   12   19   10   11   15    0    1    5    1    6   10   18    7
   14    0   10   18   18    4    9   18   11    2   14   14   18   11   10
    6    2    9   12   13   10   12    3   10    6   14    2    7    7    2
   12    1    7   19    0   17    2    4    0   17   13   14    4   19   12
    7   13   14   11   11   11   16   17   14   20    7   11    8   18   13
   12    6   19   11    6   15    7   20    3    6   15   12   14    7   18
   15    3   11    5   17    4    0   20   17    0    0    6   19    6   19
   13    4   14    3   17   12   12   14   17    9   15   17   17    8   12
    5   18   12   20    3   19    4    8   12    5    5    5   17   18    6
   18   18   12   15   18   12   12    8   17   18    0   17    6   19    3
    2   19   11   10    9    3    0    8   14    3   17    0   15    4    6
    8    0    3   19    2    7    2   10    9   11    8    9    9    2    0
   14    1   20    0    6    4   13   10    2   14   14    0    6    1   11
   14   11   20    1   17   11   17   13    1   16    0    3    7    7    3
   15   13    5    4   12   15   11   16   19   10    2   18   19   18   11
    7    6    9   12   15   15    3    4   10   13    0    3    0   14    9
   12    3   10   15   12    6    3   16    2   20   12    6   18    6   13
    6   18    0    1   16    8    1   19    3    6    2   16    1    6    8
    2    0    0   16   16    9   14    8    4   11   20   18    5    0    0
   10   10    4   15   10    9   15   18   11   19   11    4   16   19   17
   20    4   17    5   10    7    7   13    8   12   14    0   18   15    1
   12    4    3   12    1    8    5    6   20   18   19    8   13    4    0
    8   16   14   16   12   18   16   12    6   20   11    5    1   18   13
    0   11   18   19    3   10    0    1    0    3    0    4    3   11   10
   10   17   20   20   19   13   14    9   11    5    6   12   18   19    4
    0   18    6   13   11   15   13    2   17   20   16   15   18   12    6
   17   19    5    9   18    3    5    8   17    2    9    9    9   11    2
    5    7    3    6    8   17    5    0   16   19    2    3   11    8    8
   14    0    8    6   11   13   14   17   20   20    2   14    1    6    4
    7   17    5    6   10    7    6   20    5    3    2   14    0   15   14
   17    0    1   19   13   16    9    9   11    2    9    7    2   15   19
    4    9    0   14   20    4   20   13    4    5   13    9    5   16    8
   13   13    3   19    7   12   10    3   18    3   18   17    0   16   17
   10   10   15   13   15    2   14   14   15   11    9   11    0    3    0
   18   18   16    0    0   19   19   12    5   19   15    5   15   11   16
   15   14   18    2   13   11   20   12   18   16   14   10   13   19   15
    9    8    2   15    1   17    8   12    5    0   14    6   19    7    8
    8   20   16   13    0    2   18    8   10    9    4   20    6   15   10
    0   18    8   14    3   18    5   19   16    3   14    1    0    2    3
    6   16    8   13   15   19   14   17   12   18    9    2   10    4   17
   11   19   18    3    2    0   20   19    2   14    0   10    9    4   18
   20    4    3    2    0   16   12    6    8    7    2    3   10   15   16
   18    3    2    2   20    1   12   11    2    6    6    9   11    4   18
    2    7    1   14    1    1    0    9   10   20    5   19   19   15    2
   12    6   14   18   11    5    4   13   15    9    8   18    8   17    1
   13    1   10    0    7    4   10   17   20    9   16   12   13   12   14
   13    8   15    9   20    6   19    0   20   15    9   19    4   10    0
   13   18   14    2    9   15   10    7   20   19   20   13    2    4   13
    7    8    6    5    6   17    7    7    5   17    0   16    9    2    7
    9   11   17   10    1    1    2   19    0   10    7    8   17   16    2
    6   20    4    0   12    3    5    5   20   14   10   16   13    0   12
    6    0   17   10   12    2    2   18   18    9    2    2   10   14   11
   13   15   17    0   20   18   16    5   12    0    7   14    9   17    9
    6    9    0   19    9    3    5    5   18   11    5   11    7   10   13
   13   18   17    1    4   19   10    7   14    9    3    3   10    6   20
    5   11    3   15   20    1   15   18    8   17    0   17    2   19   15
   20    1   13    4   19   10    4    9   12    3    9    6   15    3   17
    7   17    9   10   17   19    1    1   16   18   14    5    1   11    6
   16    7   15    7    9   12    9    9    1    2   19    0   14    2    3
    4    4    3   13    1    6    6   11    7   18    9    7    1    9   20
    9   20   13    0   19    2    4   17   19   11   11    1    2    1    9
   15    1   20   19   17    2   19    6    1    0    3   19    0    6   14
   11   13    3    9   11    1   14    8   12    8   13   15   14    3   16
    9    5   19    2    8   15    4   16   20    9   11   15   18   20    8
   19   15    8   10    6    4   20   14    0    3   13    8    0    0    2
   19    9   10    0   18   18   11   17   14    2    8   20   14   19    4
    8   15    2   16    1   15    9   20   15   14   18   15   19   14    6
   14   17   13   10   17    2   14   18   15   16    8   12   12   13    0

