          25      7225  0
   93   44   98   62  136  139   87  108   95  104  108   27  138   79   84
   95  153  117   86   63   95   99  120   86  124
  837  911  948  957  983  987  996 1013 1018 1022 1024 1031 1053 1088 1094
 1103 1170 1213 1223 1237 1240 1245 1319 1341 1345
    6   13   14    5    8    5   18   15    3    5    9   12    1    9    1
   10   19    1   11   19   18    6    3    9   15    0    0    0   12   12
   13    3   11    9    6   15    9   15   11    3   19   10    7   17    0
    2    8   18   20   12   12    0   15    4   19    3   10    7    7    9
    7   16   13   16    8    7    9   14   16    7    0    9   11   13    3
   18   20    0   10   20    5    4    2   20   10   16    5   13    0   15
    0    7   19   20   12   14   12   20   16    1   14   13    6    0   15
   15   20    1    0   12   14   16    3   15    7   12   12   10    2    7
   17    5   14    2   11   18   14   11    2    0    1    3   17   18    7
   15   15    7    0   19   16   13    2   10   11   17    8    7   19    8
    9    2   16    0   20    0    1   15    1    2   10   17   16    6    7
    1    1    5    3   20    6    1    5    3   19   12   12   15    6   14
   19    0    2   19    6   12    8   15   14   10   19    9   15   13   10
    2   18   16    6   15    1   11   18    9   17   20    3    0   20    8
    1    6    7   16   20   18    2    9    9    9    1   18    4   15    4
    5   14    8    7    8   17   18   19    0   14    1    8   12   19    7
   17   11   13    1    8   19   14    6    9   14   12   10    5    3   20
    6   15   13   16    0    6   19    6   12   16    5   13    6    5    4
    0   16   15   10   19    0   16   13   20   15   20   20    3    6   17
    0    1   16   11   10    1    5   11    1    9    0   19   19   11   10
    3   14    9    1   12    4   14    9   12    9   10    0   16   17    9
    9   15    8    8   18    9    3   17    7    8    4   16    9    3   13
    2    6    6   12   20   11   19    0   14   15    8   12   14   11    9
    8   14   11    8   10   14   10   11   16    7   18   14   10   18    7
   16   18    3    0    5    4    7   16   10   15   13   11    2    0    3
   20   18   10    1   13   12   16   15   17    7    0   16   11   12    0
    3    8   10   16    5    7    3   10    6    9   14   19    3   13    4
    7    5    6   10   12   14   14   13    1    2    0   20    6    2    4
   14    1    1   10    8    5    0   15    9    0    9    9    4   20   16
    0   10   18    8    0    4    0   11    2    5   16   10    1   17   17
   10    0    3    0   19   13    2   17   18    3    1    3    7   19    5
    6   20    0    6   12   18   16    5    7   14    7   13    3    9    2
   17    7   17    3    8    5   20    2   11   14    8    4    8    0   10
    3    8    0    5   13    7    2   19    8    6   10    0    0    5    0
    7    4    5    7    0    4    8    7    9    0    3   17   18   13    4
   18    8   12   15    0    0   15   17   19   15   19   13   13    8    0
    4   19   13   10   19    0   20   15   12    9    9   17   19   16   14
    7   17   12    7   18   14   17    9    0    6   20    8   11   15   13
   12    0    0    0   15    2    1    8    8   12   15   10    3    9    1
   18    2   11   18   20   16   17    5   13   19    7   17    0   20   12
   15    4    8    7    9    6   18   12    5   16    0   17    3    1   10
    5    7    2    6   10   10   18   17    0   15    7   11   18   18   11
   10   16    0   13    8    6   20    6    6   10   13   12   11   13   10
    9   11    6   20    0
