  65  0    0   PROB656.txt    H    L    W
  50  122   61  120  138   88   58  150  110   75   90  133   82   76   86  128   86   73   53   61  108   89  128  103   90  132   93   99  116  155  116  139  100  116   93   66  123   74  115   61  103   88   68  117  142   66  119   97  130  107  119  121  104   86  100  138  119   35   88   99   75   87  104   80  119 
2593 2675 2797 2932 3245 3275 3325 3460 3693 3792 3943 3964 4076 4092 4213 4421 4496 4842 4936 4986 5014 5154 5163 5256 5268 5408 5468 5482 5543 5582 5587 5814 6002 6017 6055 6220 6277 6491 6604 6763 6889 6913 7361 7385 7498 7596 7708 7712 7722 7761 7920 7938 8128 8186 8199 8313 8383 8449 8450 8484 8528 8630 8715 8725 8930 
   2    2    6   18   16   10    7   14    7   18    1    5   10    6   12    5    6    3    5   18    2   15    1    5    1   10    9   15   19    9    8   15    7   20   14   12    1   18    1    2   11    5    3    1    5   17   13    7    6   20    6    0   12   15   20   16   12    9   13    6   19   15   13    6   16 
   0    3    9   12   17   20    9   14   17    1    4   12   14    2    6   14   10   10   17   16   20   15    7   18    1    8    8    2    2    6   20    8   19    3   11   16    2    4   17   16    9   12    7   19    2   16   19    7   13   19    0   15   14   15   17    9   14   20   19    2    0    8    5    6    8 
  19    0   17   18   19   15    8   17   15    4   18    6    4    2    2    3    6   11   10   11   14   15    8    6   11   18    1   20   11   10   16   12    3    5   19   15   18   18   15    5   11    8   11   11   15    4    3    5   13    4   16   13   12   12   14   16    7    5   10    8    5    0    5   11   18 
  14    3    0   17    8   16   20   19   16    6   18   10   14   14    2   16    5    8   12   13   11   13    6   12    2    6   13   16   14    5   18   20    4    8   15   18   15    0   11   18    7    1   11    7   15    2    9   17   10   19    7    6   17    9    5   12   14   16    1    2   11   10   20   10   10 
   9    9    8    0   12   14   11   19   20    9   17    9   19   14   11    8    0    9    8    5   16    4   12    4   13   18   20    4   16   18    4    3    2    6    2    3    7    6   16   13   15   13   10   11   16    2    3   20   19   15   18   14    2   19   19    1   18    8   19    2    4    8    7    4   18 
   7   16   16   15    0   15   12    8    3    8   17   10   10    6   16    1   14    3   11    7    9   17   12    1   15    6   15   15   20   14    5    8   17   15    4   17   16   10    1    6   16    9   15    0   10    7    1   10    3   13    9    5   18   14    7   18    1    1    4   16   17    9   10   18   13 
   6   10    8   10    2    0    5    9    9   13    8    6    1    9    9    7    5    8    2   15   17   18   16    9    2   10   13   16    9   15   16    1    5    1   15   10   13    9    9    0   15   15   18   19   14    6   17    0    1   14   16   11   12   18    5   19    0   10   17    9   19    7    3   15   10 
  13   19   14    5    6   10    0   12   20   17    3    1   11   10    8    8   20   19    2    8    2    7   12    3   17    3    3   15    5    2   18    7    6   14    5    1    3    6   13    1    4   15    4   10   12    5    3   18    5   16    8   11    5   10    6   12    1    7   16    5   19   11    3    5    8 
   4   11    4   14    6    3   16    0    5    6   16   12   13    6    8   15    4   13   10    5   11   19    6    8    8    3    5   10    7   11   20   13    8    1   17   11    4    7    7    2    3    3    7    2    6   10    3    3   14    6   13    2   12    8   17    1    8   12    3   14    5   13   12    2   19 
  12    4   11    2   14    1   10    7    0    1    7   12   13   10    8    7   19    9   16    6   10   14   19   13    4   15   13   17    9    7    2   19    3    7    8   12   18   19   10   19    0    4    3   18    6    2   16    0    7    7   10   13    0    2   19    9   16    9    5   13    7   17    8    8   17 
  12    3   13    6   16    1    2    2   15    0    8    7   20   18    2   12   16    7   19   12   18   13    7   18    5   18    2    5   19   19   14    2    3   13    9    8    5   19    4    3    2    7    3    3    6   14   14   17    6   15    0   20   17   10    1   14    9   12    9   11   13    4    1    8    5 
   2   16   12   12   15   15   11    4    5    3    0   11    8   10   11    7   18   19   15    8   16    7    2    1   18   18   20    8   15    3   12    3   11   16    5    0   20    6    6   10   12    7   15    9   13   17    8    8    7    7   10   18   14    3   15   11   18   11   16   15   12   10   13    1    5 
  17   13    7   18   14    2   18    3    9   11    1    0   14    2    1   11    2   15    5    1   12   19   16    7    7   15   14    3    2   15    6   10   18    0    4   12   16    7   19    1    3    2   12   17   15   16   16    2   10   19    6   15   18   14    8   12    2   20    6    1   14    5    5   13    3 
  12    2    1   14    4   12    4   19    0   13   11    6    0    4   13    7   12   12    6    9   15    5    9   12    1    1    5   13   15    2    5    7   11    2   19   11    9    7   20    7    9    1   10    3    4   18   20   13    1    8    3   14   11   19    7   10    2   12    2   17    1    5   14    9   19 
   5   19   13   13    5    9   14   17   15   17   19   19    8    0   20   12   16   11    7    3   10    7    7   11   18    6    1    3    1   14   19   19    4    9   11    2   17    2    3    6    5    5   17   17    7    7    3   13   13   12    4   10    8    2    9    9    3   14    8    5   17   19   14    9    8 
  14   17   12    3    2   16    3    0   10   13   18    7    5   10    0   12    4    3    0   16   15    5    4   19   15   17   15    0    4   17   11    3   16    5   18   16    4   15    8   19   17   19    7    2   14   13   18   19    2    6    1    4    1   17   13   18    0   20    4   19    5    1    1    9   11 
  14    5   16   14   17    7    5   18   15   14    3   16   14   10   17    0   17    9   15    7    8    4    3    9   19   10    2    2    6   19    0   16    4   16   16   10   18   15    5    9   16   12    5   15    1    5    5   18    2   19    1   12   17   10   17    7   11   12   17   14   20   20    8    2   19 
   4   19    0   11   20   13   15   12   18    1   18   11    4   16    8   13    0    4    6    2   19   14    7    5   15   13    3   18   20   19   15    4   20   16    6    7   13    7    7    2   12    4   12    9    7   18    9    1    3   17   10   18    2    8    7    5    6   19   12    4   14   15    1   10    5 
  11   19   16   20   12    1    0    2   11    6    6   14   16   19    3   15    3    0   18    3    1   14    4   19    4    6    9   16   11    1    8   18   17    4    5   11   16    1   13   15   14   10    4    2    9   10   16   19   15   12   12   14    0   19   11    9   19   11   12   18   20   11   12    8   17 
  16   18   10   15   19   19    5    9   16   10   10   11   15    2    1   18   11   10    0   18    1    5   17   14   16    0   13    9    5    1    3    7    2   18    5    7   10   11   11   11   19   20   14   13    1    4   16    5    2   19   17   12    5    2    9   18    9    8   12    1   16   15    1    9    1 
   6   17   19   18   14   13   16   13   17    9    0   11   10   17    2    5    1   19    5    0    6   11    3    1   18    5   13    8   16   15   18    3   19   14    0   14    5   18   19   16   13   10   12    5    9    9    1    9    0    9    5   13   17   18   19    6    1    1   20    7   11   13   20   10   15 
  14    7   13   14   14   17    4    8   10    6    1   14   12    9   19   16    4    5    1    6    0   19   17   15    7    8   12    9   16    9   14    5    4    1   19    5   17    6   19    7    3   12   13   19   18    1    7    5   11    4   16   19   16   12   10    5   13    4    1    1    0   10    1    3   19 
   8    2   15    3    3    3    7    0   17   10    2   16    2    0    5    4    7   18   12   12   12    0    6    3    4    6    2   15    0    7   18    4   19   17   11   14    5   16   10   12    2   19    5    7    8   14    7    8    2   11   17    3   11   12   19    3    5   18    9    4    5   20   17   14   13 
   9   15   17    9    6    6   10    6    4   12    7    6   19    4   16    5    6   16    4    2    1   13    0   16    3    2    6    1   20    5   10   11    5    3    2   14   17   14    1    0    3    8    6   13   15    4   12   16    1    5   10   16    9    6   10    1    4    4   11   15   17    4    6    1    3 
   1    3   17   18   19   14   13   14    2    8   14   12   14    6   19    1   13    2    8    2    2    3    2    0    0    7    3   14   17    2   16    4   10   17   17   17   16   16    7    9    8   10    7   16   19   20    6   14    1    7   10    4   15   19   14   10   20   12   14    6    0    8   15   18    2 
   8   12    6    6   14    0   18   20    5    0    1    1    2   13    1    4   13   18    1    6   18    8    4   13    0    5   19   12    4   20    1    3    1    1   16   19   12    7    7   15   19   11   13    1   12    0    3    8   14    4    2    2   20   11   12   16    3    3    8    5   18    1   14   12    6 
   3    3   12   15   16   19   14   11    7   11   16   18   15   12   15    6    4   16   19    3    3   20    3   18    7    0   11    8   13    6   20   19   19    1   11    6   12   12    1   17    7    4    2   15    9    5   16   12   12   15    3    6    3   10   16    4    6    8    2   19   14   13   11   18    8 
   7    8    8   15    2    1    3   20   13   14   12   19    5   18   17    2   12    4    6    3    2   17   10   18   10    3    0   10   17    3    5   10    1    4    3   19    3    4   14    5   12    2    1    9    2   18   11   12    1    3   18    9   11   11    1   13   15    1   17   11    6    5    6    7    2 
   8    9   14    1    1    4   11    5   16    8    5   14    8    7   15   18    7   18    6    9    6   16   11   17   18    2   12    0   20   14   17   13   17    9    7    4    7    4   17    7    3    6    2    4   12    2    9    0   12   19   11    5   13    7    0    4   16    6   14    5    3    1    4   15   14 
  19   18   13   20   20   15    6    8   16   17    1    7   19   10    8   20   16   17    4    6    0    2   13   14   19    3    5    2    0    8   16   11   18    3    6   19    9    4    1   13   10   14    1    2    4   13    1    2   19   14    8    2   16    7   15    8    2   12   11   20   16   11    0    9    2 
  14   18    7    4   15    3    0    8    3    9    0    6   17    2   18    2    7   15    0   10   15   11   13    6   15    1    8   13   16    0   15    8   18    2   11   12    9   14    7    0   18   13   17   19   19   14   14   13   13    1    3   10   18   13    1    9   17    6   15   10    4   14    4   11   16 
   6   19   13   17    8    9    5   18   10   19    2   15    3    3    3    9   17   15   19   16    7    2   19    3   18   20    2   19    5    1    0    7   13    3    2    0    9    1    9    9    2    9   16    4   16    9   20    3   10    4   14    3    9    4   14    7    0   14    8    3    1   15   19    3    7 
  16    9   11   15   15    9    0   18    0    8    4    2    2   11    3    6    1    7   19    5   13   19    6   18    4   11   19   17    6   11   12    0   16   16   11   15   20   11    9   15   19    7   14   10   19    4    8    5   20    1   17   16   12   10    4    7    7   19   13    8    1    9   18   18    3 
   0   14    8    4    9   15   14    4    8   13   12    6    3   14    6   16   16    0   12    2   10   10    7   13    2    7   12   14    4   18    2   19    0    1    5   11    8    5    5    9   10   19    1   16   15   14    3    9    4    1   15    4   14   18    6    7   16    5    9    7    6    8    3   10   18 
   7   11    6   20   10    3   17   15   12   13   11    1   13    7    1   15    3   19   13    2    6   17    5    0   13   17   11    2   17    4    5   16   14    0    9    6    8   10    7    8   11    3   19    7   13    4   17    7   19   10    4    8   19    1   16   19   15    1    4   20    9    7   14   20   16 
  15   18   19    0   15   10    2   18    9   18   12   12    0    4   17   14    5   11   11    8    4    2   19   17    2   11    6    4    9   12   17   18   19   11    0   15   13    8    9   12   10   13   19    3   15   12   14    2   13    3    1    7    0   18   12    4    7    6    7   18    4   15    8   13   18 
   0   12    4    6   19   10   14    9   15    8   12    5   15    2    7   12    9   16   17   10   11   14    2    3   11    6    0    1    2    9    7   14   20   19    7    0   10    6    5    6    6   17    5    5    9   17    4   16   15    5    4   18    2    4   16   17   15    8   18    9   17    9   14   20   18 
   6    6   15    5    4    6    7   12    5   19    4   12   12   18    8    4    3   19    0    4    7   15   19   14   15   12   11    4   13   20   19    4   10   11    8   17    0   19   17   11    9    7   11    6   11    5    1   19   17   18   14    4    9    4    2   15    9   18    6   12   17   20    7    3   15 
  15    8   14   16    6    3    6    6    0    7   15   16   10    4   18    1    3    7   19    4   10   17    8   10    9   11   11   13    0   11   18   17   19   10   17    3    9    0    9   11    2   14    8   18   10   13   19   20    1   12    3    7    1    0   15   20   12    1   15    7   17   10   10   19    5 
  15   18   20   10    2   19   18   12    6   13    7   11   18   18    6    5    7   18   18    5    7    5   16    9    3    1   20   17   15   19   13    6   11    3   14   14   16    2    0    5   19    4    4   10    0    7    1   11   20    4    1    9   15   12   17   17    6    7    3   16    6    1    1   16   11 
  12   16    2   12   15   12   13    0   16    5   13   12   16   17    5    2    9    5    3    5    2   19   11   11   15    7    3   18   10   13   15   18   15    2   19    3    0    3    0    0    9   20   18   19   14   14   12   12   17    1   14   15    6   20   18   19   12   12   15   16    0   10   10   17   17 
  11    7    7    8    5    8   12    2   12   13   15    9    0    8   17    3    6   12   10    3   14    2    4    4   14   19   16    0   19   12    4   16    5   12    2   17    8   14    5    1    0   16    8    3   15   11    9   17    0    5   13    1   16    2    1    2    5   13    6   19   19   17   18    0   14 
  18    7   13   20    8   11   11   17   15   18   18    5    5    5   19    8    5   10   15   18   13   18   19    7    6    5    2   17    8    6   14    7    9    4   11    9   18    3    4    8    8    0   16    7    0   12    4   18   20    7    7   14    4   20   11    0   17    6   14    8   12    3   12    0   11 
  16   12    3    6    9   12   14    5   18   12    7   11    2   18    3    0   13   10   15   19   10   18   15   15   11   15   18    1    8    3   14    9    8    7    7   10   16    9    8    4    5    3    0   18   12    2   19   17   19    1   12    1    7    1   20   19   14    5    0   13    8    8   11    8    4 
  11    6    3    6   14    0   16   19    2    6    7    9    7    8    1   16    7   13    2    7    4   13   19    1    1   18   11   17    2   20   15   14   12    5   13   16    8   12   20   17   20    1    7    0    1   13    4   18    1    8   16    1   16   11   15   10   18    4    4   14   10   11   16    5    2 
   6    3    4   16    1    6    7    5    7   17   13    0    3   16   19    7    5    8   18    6    0   17   10    8   20    6    6   14    2   18    9    2   13   12   19    2   16   14   10    4   13   16    3   16    0   10   17   14   10   19    2    7    5    5    1    4   15   15    5    4   12    7   18    1    6 
  15   11   18    3   16   15    3   19   11    5   13   16   17    8   19    9    7   16   16    2   12   15   11    8   16   12    7    4   12    5   15    6    1    5   15   20   13    8    2   15   16   16    8   17   10    0    9    7    3   18   10    1   17   17   18    9   19   13    1    7   18    6    9   11   15 
   2    8    0   15    1    2   19    7    1    9   19    3   14   16    8   15    3   12    8   13    1    7   15   18   19   16   13   15   19   14    2   17    1   15   11    5    1    2   17    6   12   20   11    7   11    1    0    6    2    5    0    1   15    1   13   15   11   17   18   11    1   12   15    2   15 
  17   12   15    6   16    6    2    4   15    7   17   11   14   11   14    2   17   12   13   17   20   17   14   13   19    2   13   12   10    7    1   16   17   19    7    5   19   11    8    4    2    4    5   18   11   16   12    0   18   10   13   16    0   14    8   20   13   10   11   15    3   13    0   12    1 
   1   13   18    1    5    3   20    3    3    6    0   17   11    8    4   19   15   13   15   17   16   11    9   20   10   15   12   15    9    1    7   20    1   18   19   12   13   11   11   11    9   15    7    3   15    8    3   18    0   15    6    5    6    6    5   15   13   13    8   17    8    0    3    4   16 
  13   10   19    6    1   20   11   12    5    7   11    6   10    2   12    1   14   15   13   16   20    2    6   18   15   10    9    4    9   15    8   18    2    8    6    7    7   17    4    6   12   15    8    2    9   10    2   14   14    0   11    8    4   18   14    4   11    5   16    7   16   20   10   11    0 
  19   17    5    9   20    1    8   11    3   11   19   15   16   12   20    7   20    5   10   17   17   12   15   12    3   15   10    3    6   11   15   11    2   11    0   14   12    7   19   17    7    2   13   13    3    9    9   19    3   19    0    1   12    6    1    8   15    6    2    8    1   13    3    9    7 
   7    1   10    2    0    6    7    3   13   18    3   11    3    7    4   18   16   15    4    0   16   14   11   13    2   12    4   10    2    3   18   16    1    5   14    8   10   17   16    9    3    9    3   18    6   13    8    7   16    2   20    0   13   10   12   11   19    9   20   11    8   17   15    2    6 
  20    7   13    1    8    1    6   19   17    2   17   13    1    5    5   16   10    7    5    2   12    1    6    4    0   19    3    2   20    5   10   15   20   16    6    8   15   19   16   17   15    7   18    2   19    2   15   11   16   11   11    1    0   13   14   11   11    2   18   18    1    3   16   17   11 
  12    4    1    0    7    0   19   13    1    7   15    8   14   17   16    4   19    9   19   12   17   14    1    8    2    6   13    5   16    8   18    6   12    9    1   10    3    5   15    2   20    9   14    4    7   18    2    6    7   12   19   14    8    0    4   14    9   15    8    8   19    7    5    9   19 
  11    2   15    3   15    4   11   17    2    6   16   18   19   16    6   15   16   19    3   18   14   16   15    8    6    6    4   20    2   20   12   20    6   12    8    6   18   11    7   19    4    1   10   13   12    7   15    8    5    6    3    0   20    3    0   20   19   12   18   16   16    4   16    8   16 
  12    8   11    5   11   17   10    7   11    2   11   20   19   13   18   12    1   17    8    8   17    5    0   12   14    9   13    4   15   10    3   11   13   18   16    5    6    9    8    0    9    4   19   18   14   11   19   12    1   16   15    7   20   18   20    0    4   12   10   12    9   14    6    6    2 
   2    0   12    5    6    7   10   15    3   14   13   12    8   13   10   10   13   17    3   19    9    6    0   17   16   15   16    2   17    8    3   18   13    3   19    5   14   16   19    9   19    4    2   13   10    7   16   10    4    6    7   12   17   19   12    8    0    6    7    4   16    3   11   11    3 
   3    1   11   15   18    7   14    6    8   16   10   15   12    8   14   12   18   10    1    1   16   12   19    5   11    3    6   17    9    5    7   13    1   16   17   13   15    8   16   13   15   16   19    8    6    9    6    1    8    5   20   16   11    1   10   17   10    0   15   15   13    8    1    3   18 
   3    4    8   20   16    4    0    3   14   10    6   12    9    5    2   12    6    7   19   10   14    8    3   11   14   17   16    3    8    4    2   13    1   19    1    4   20   10    6    3   15   14   11   17    5    3    8    5   10   10    6   16    2    1   19   14    7   14    0   17   20   18   18    8   12 
  19   12   13    4    9    0   13   15   16   18   15    1    4   18    2   13    4    9    8   15    0   20   10    3    9    7   14    5   20    8    3    1    9   20    7   10   17    7    4    2    3    7    3    6    4   11    2   16   14    4   19   18   19   11   17    2   19   13    0    0   16   10    1   10    1 
   2    3   18   16    5   16   13   16   11    6   16   12   15   19   18    9    0   19   13   14   13    7   12    1    9    8   14    9    7    3    9   14   15   12    2    7    8   20    1   17   10   13   15   13   20   11    2    8   11   10   17    5    0    1   16   10    6   13   15   12    0   11    3   17   14 
   1   14   18    1   16    6    3   13   18   12    0   19   16   12   18    7   13    7   13    2    8    5   19    2   18    0   11   17    7    3    4   16   12    2   16    5   16    4   12   19    1    3    2   10   10   13   13   16    2   13    5    1   12    5   16    7   11    6    7   17   15    0   19   13    3 
  11   14   16    2   18   16   14    7   11    0   15   12   13   16    8    8    4    7   14    3   12   11   16    3   12   11    3   17    7   13   20    6    3    5    2    5    7    8   17    6    6    8    1    1   19   17   10   17    4   11   12    4   13    8   16   14    7    9   19   16   18    5    0   10   15 
   6    6    7   18   17   11   14    2   12   18   13    1   12    8    7   14   10   20    7    7   12    2    5    4   19   13   17    8    2    6   18    1   18    5    2   12   11   13   12    3   11   19    9   12    9    9   17   13    1   16   15    6    4   18    7    4   11   15    3   16   17    8    8    0    2 
  11   11   19   16    5    7   17   18    4    7    4    1   18   17   14    2   15   19   11    2   18   12   14    9    1   19   20   15    2   15   19    6    7    8    4   13    1    9    0   17   15    7   13    8   17   14    8   15    2    5   17    4    4    1    9   10   11    9    0    4   15    8    3   16    0 
