  55  0    0   PROB558.txt    H    M    W
  78   63  107  115  105  127   91  102  120  104  122   43  118   24  129  100  106  125  121   98  119  111   63   75   82  112   95  101  153  121   82   92  118   86  137  153  102   98   95  111  105  108  113  104  112   74  101   91   82   71  128  128   84   67  154 
-286 -200  -95   52  148  381  431  657  683 1133 1193 1349 1491 1666 1748 1763 1774 2080 2100 2132 2155 2231 2263 2355 2410 2413 2516 2525 2568 2619 2781 2854 2857 3039 3098 3102 3142 3292 3384 3406 3465 3477 3486 3568 3602 3646 4161 4457 4584 4639 4773 4813 4835 4992 5112 
   2   16    1   18   15   20   11    5   11   19    9    1   10   11   10    5   13   11   14   13   12    6    3   13   14    3   10    8    9    6    6   15   15    6    6   14   18    0   18    1    3    3    3    1    9   18   12   12    1   16   14    6   12   14    2 
   0   19    8    6   11    1   11    4    6   10   11    3   17   11   16   15   11    1   11    3   19   17    1   19   14   10   14   14   14   15    8   15   20    3    2    6    3    5   18   18    1   12   12   13   15   17   16   14   13   14    5    8    0   11   11 
  18    0   11   13    3    8    7    9   20    3   15    7   11   10   13    8   19   19    6   14    7   14   12    6   10    2    1   17   13   20    9    6   10   20   15    3    1   17    9   16   18    4   15   17   20    6    4    8    6    4   18    4    1   20    9 
   8    2    0   11   14   11   20   17   12    7   20   13   17   14   13   15    6   15    2   12   18   10   12   19   11   14    4   15    9    2   16   17    1   11   10    5   12   12   14    7    0   13   10   15    7   16    3   17    9   17   12    6    8   16    3 
   8   17    9    0    2   17    1    5   20    0    0    8   13   20    7    5   14    9    9   19   14   10    9   15    0   15   16    3    7   16   11   19    4   12   12   19    5    0    1   10   16   17   17   11   14   16    1    1    0    2    3   20    0   20    3 
  16    8    8    3    0   17    2    5    9    7    9   15    9   13   10   10   12   19   20   10    4    1   13   19    4   12   11    2    9    7   16   16   13   15   10   16   12    6   19    8   15    1    8    4    6   12    1    4   12   20   14   12    6   13   14 
   3    3    1   14   20    0    6   18   14    9   15   20   11   17   16   10    4    4   15   15   15   16   10    8    9    9    2    1   18    9    3   12   13   14    5   16    8    2   11    7    8    9   15   11   12   18   17   10   18   13    6    3    1   13   15 
   7   15    1    5   18    5    0   12   15    7    6    7    8    8   19   13    6    2   16   17   17    2   13   12    7   13   10   12   10    4   12   15   19    4    7    7    1   15    1   12   19    2   14   14    6   15   13    7   18    3   12    0    3    9   16 
  13   19    6    9   20    3    2    0   18    2    2    2   16    1   11    5    5   14   10    4    1   15   17    1    7   10    8   18   18   16    1   13    2   16   17   16    0   15    4    2   13   18    6    2   19    5   19    3    4    1    3   10    5    7   15 
   5    6    9    3   15   18   15   13    0   13   19   20    4   10    3   12    6   10   11   19    3   17   18    9   17   13   12    9   15   11   16    2   10   18    5   18    1    5   20   19    9    8    2    8   17   10   14    1   17   17    4   13   18    8   20 
  11    5    4   10   17   11    8    9    5    0   19    7   15   16   18    2   18   11    1    9   12    5    7   19   19   12    5    6    6   19    3    9    2   17    0   13   10   20   10   15    3    3    3    7    2   16   12   15   10   17   16   16    1   11   14 
  18    6   11    4    2    5    0    9   20   18    0   17    5   12   12   17   11    8    2    5    0   13   18   16    4    1    3    6   12    1    3    9   14   15   19    4    4    5   11    9    1    0   10   17    7    2    7   15   20    5    5    1    1   13   18 
  17   14   16    1   16   15   17    1   13    1   14    0   16    1    9    1    1    2   12    4   17    7   20   14   14   12   11   16    7    6   14   10   14    4    6   16    1   16   10   14   16   17    1    2   11    7    7    1   19    5   18    8   19    9    0 
  10    9    5   17    5   19   14   14    8    4   13    2    0    6   19    1   18   10    5    7    6   19   15   17   18   10   11    9    4    0    4   17    1    3    0    6    7   13    5    0    4   18   13    0   10    5   17    8   19   15   18   19   17   14    1 
   4    0   18   16   15    7    5   19    3    5    1    9   14    0    6   19    8   11    2   15   18   10    6   15    6   13   15   14   12    2    6    3    4   13    3   15   11    7   10    9    6    4   15    6   11    1   16    1    0   19   18    5   17    9    2 
  12    8    5   19   18   18    8    8   19   16    2    0   16   14    0    1    2   15   15    2   16   17    2   19   15    7   19    3    7   20    3    2   14    5    8    1   19   19    9   13   10   12   12   18    6    4    7   15   18   14   18    5    7    7   11 
  14    6    6   18   10    0   14    3    1    4    7    3    2   17   11    0   13   17    7    7    2    9    5   16   17    7    7    7   11   16    9    1   18    3    4    6    7    1    8   11    6   13    1    4    7   15    3    8    1    5    7    8   12    4    1 
   1    5   14   13    3   14    4    3   12   11   15   15   10   16    2   14    0   15    3   10   10    7    4   17   13   12   17    5   18    5    7    2    3    7   11   12   15   11    1    2    6    9   13    1   15   16   14    8    1   15   11   18   11   18    2 
   7    5   19    1    1   17   11   12   18   14   19    4   20    3    6    3   11    0   13    9   10    6    0    1    6    0    3    3    5    6    1   12    1   17   16    6    4    6   17    6    4    4   11   11   10   15    9   12    9    9    2   17    2    9   18 
   8   10    4    8   16    8    3    2    5   17    8   18   20   11    2    4   17   17    0   20    2   16    9   13   17    7    3   16   13   20    7   15   12    2    8    9    1    4   19   14   18    9   19   19   15    4    4   10    7   16    1   15   15    6   11 
  18   12   10    9   14   14   17    1    9   10    9   19   13   19    6   19   14   14    3    0   14    4   17    9    7   14    4   15   15    3    9   16    9    0   15   10   16   18   15   14   15   14    0   20    1    2    6   18    4    4   16    6   19    1    8 
  13    1   15    6    0    8   10    9    9   15   10   11   12    3    6    2    5    5   12    7    0    1   15   14    2   12    5    1    5   10    3    6   11   18    1   11   15   15   12   11    4   14   16    1    6   17   19   15   16    3   11    4   11   14   14 
  15    2   12   20    1   10    2    7    5   16   13    1   10   12    6   13   14    3    5   20    0    0   17    1   17    3   10   12    8   15    8    7   16    1    1   18   13    3   12   11    9    3    2    1   16   18    0   14   18   18   14   10   18   12    6 
  16    1    6    3   14   20   20    5   11   18   10    4   17    7   10   16   18    9    4   12    2    5    0    8    3    0   10   14    1   14    5    6   12    7   20   13   11    3   17   15   19    4   10   10   18    5    0   12    8    3    9    9    2   18   11 
  11    3   14    8   20   14    3   14   18   16    2    2    7   16    2   13   19   12   10   10   12   13    2    0   16    6   19    9   11   17   17    2   20    6   12   12   15   16   11    9    5   18    2    6    7   17    7    8    8    3   13    8   12   16    7 
  12    7   18    9   15   14   18    7    9   16   16    4    9    6    4   19    5   10    9   10    8   10   18    9    0    5   19    7   12   13   10    0   13    2   10   18   13    7   13   14    8   11   10   19   17    6   16   17    1   15    2   17   18   10    2 
   1   12   20   16    4   18    7    6   16   18   19   10   14   13   17    7   12   10    7   15    1    2   12    1   12    0    4   11    3   11   15    5    2   12   15    3   14   13    8   17    0   17   17    9   16   19    2    0   11    0   16   11   16   18    9 
  14    2   11    1   11   13   17    7    2   11   15    5   19    3   10   19    8   13    4   15   18    9   19    1   12   10    0    1    8    2   10    5   13   16    3   10    1    2    5    5    4   10   13   10   15   18   14    4    7    6   18   12   11    6   17 
   4   16    7   15   16    8    1   12   14    8   19   12   15   18   14    7    4   20    6   10    5   16    1   17   16    9    4    0    7    2   10   17   17    2    4    0    2    7    9    5   14   11    7   18    1    5   17    9   13   12    6    6   12   16   13 
   1   12   16    5   19   20    8    8    1    3   19    6   14   15    8    1    2   12    3   10    5   12    3   10   19   16    3    2    0    6    1   13   18   14   18   20    4   11    6   18   12   19   10    1   11   17    9    9    2   15   11    8   19   14   15 
  19    4   14    8    8    2   11    9   18    7    9    8   12    8    0   16    5   11   18   16   18    2    3   19    4   15    1    8   18    0   12    6   18   10    2    3    0   10   20    9    1   17   10   10   17   12    9   19    1   18    8   15   11   10   17 
  17   14   19    8   14    7    0   12    4    7    0   10   16   18   14   19    2   14    6   16   11    4   18   18   18    6   11   11   19   15    0   15   16    5    4    3   16   14    3    1   17   16   19    4   17    5    4    3    1    9    2    9    6   16   12 
   9   16    9   10    7   19   11   18    2   19    1    4   18    7   14    5    4   15    2    9    5    7    5    3   16    9   12    1   20   16    7    0    2   19    5   10    9    2   19   17   12    0    3    6    8    7   13   13    9    9   10   13   11    7    8 
   9   16    3    9    8    1   10    3   14    1   15   19   10    6   12    4    6   12    6   11    5   16    2    9   19    3   13   13   11   12   13    2    0    6    9    3   18   12    3    7   16    7   13    1    4    4    7   12   20   18   15    3    4    7    5 
  14   20   13   20   11    2   16    0    3    2    5    6   16   14   18   14   10   14    4    2   12    6    1    6   15    6   16   17   13   17   16   15   12    0    7    7   12    7    6   16    7   15   17    5    7    8    9   12   19   15   13   15   18   11   13 
  20    5    7    4   12   14    6   19   19    2    8   13   12   12    2   18    9   12    5    1    8   12    2    1   12   12   11   18    5   15   10   10   19   17    0    7   13   17    1   20    8   12    8   19   14   16    6    7    0    1    2    4    7    6    7 
  13   13    1   16    3    7    5   15   18   10   10    8    3    4   11    4    6    2    7    7   14   14   15   14    1   10   20    6    2    7    2    2   12    4   11    0   11   18   18   18   19   16    6    3    0    1    1    2   12    6    1    1    7   14    9 
   2    2   14   15   14    3    7    9   17   10   18   18   18    6   17   15    7    7   15    9    1   17   12   13   15   16   13    4   11    7   19    5    3   12    6   17    0    7   12   16    8    2   16   12    4   14    2   20   12   16    4    4   12    0   16 
   8   10    2    2   16    0    4   13   18   12    3   14   20   17    1    4    9    3   11    5   16    2   18   15    7    1   12   15    3    4    9    2    5    3    1   17   12    0    7    4   11    0    5    3   19   14    3   13   11   18    4   18    7    6    5 
  19   19   20   17   17   18   17   13   13    3   19    7   11   19   17    8    1   16   20    3   17   14    0    4    2    4   18   13   16   11   17   18   19    6   15   10   16    4    0   11    2   17   14    0    3   17   14   16   13    9    1   18   14    6    1 
   2    6    7   17   17    5   11   18    4    0    5   13    2   14   19   18   13   15   19   11    6   16   18    8    3   13   19   13    5   10    0   18    7   10   18   18   18   19    1    0   10   11    0   16    3    9    5   16   18    8    2    2   15    4    8 
   6   19   14   20    6   16   16    4    4   20   12   11   13    6   18    6    4    0   19    6    8   15   16    5   17   16    9   14    9    5    3    5   16   16   11   12    6   15    2    7    0    9    1   18    3   13    7    8   16    3   17    3   11   17    9 
   5   10    8   19    1    4   15   19    0   10    6   20    7    1    5   11    2   17   17   18   12   19   19    1   18   14    4   15    1    7    5   14   16    2    4    8    8    5   13    3   18    0    1   19    1   16    3    6    7    1   14   14   19    1    8 
  18    2    1   11    8   15   15    7   17    9   11    7    1   17    2   11   12   14    4   14    9    1   16    1    6   18   15    1   14    6   16   10    4   18    5   12   12    9   17    8   19   19    0    7   10    9   12    7   12   18   10   16    9   20    6 
   6    4   18    2    9   13   18    2   20   13   17   18   15    3   18    9    8   20    5    3    5    3    1    4    2   13   13   12    2    3   18    8    1   13   10    1    2   17   15    6   18    4    2    0    7   20   19   10    3   12    7   14   15   17   10 
  12    6   13   13    5    4   16    5    5    3   19    3    6   10    5   18    3   11    2   10    1   18    2    1   16    3    7    8   17   18    1    7    2   11   16    7    4   16   12   18   17    8    9    5    0   16    8    4   18    9   20   11   14   16   12 
   1    3   14   14   16    2    6   15    6    9   16   12   16   12   12   19    0    6    2    2   10   14   14    6    8    5    8   16    6    6   10   13   20    5   18   16   18   10    4   13   15   15    4   18   12    0    7    7    5    9   11   16   13   13    5 
  13    4    6    9   17   11    8   10    9   11   17   12   14    7    0    4   19    1   13    7   19    3   19   15    6   12    6   13    6   12   10    5   14    2   14    1   14   13   17    5    6   12   12    7    6   17    0   10    6    8    4   16    5    7    0 
  10    8   10   14    4    2    9    8   16    4   10   10   15    6   14   14    6   14   11    1   11    6    7    3   15    4    0   19   14   12   17   16    9    6   14   10   12   11    8    4   12   11   17    3    8   18    5    0    2    0    1   15    6    4   16 
   1    4    9   17   18    4    5   17    8    7   16    8    9    4   18   14   10   18   15    4   12    3    1   14   12    6   16    7    5   10    7    8   10   11   13   17    8   18   13    6    1   19   15    3    5   20    2   19    0    9    7   16    6   10   15 
  20   14    7   15   17   20   17   20    9   16    2   17   16    8   10   12   12    5    3    1   18   13   16    1   13    6    9   10   11    2   20    4   14    7   17   11   11    7   15    2    7    2   11   14    7    4    4    6    1    0   13   13    2    5    2 
   9   14   10   14   16    8    6   13   19    1   10    7   19   13   14    8   10   14    4    5   10    4   13    3    5    7    7    7   14    8   13    7   14   17    9   10   13    2   13   13   19   19   10   10   17   18    8   15   18    5    0   17   20   14   18 
   2    5   20    4    3    7   18    7   11    5    5    6   12   16    6    8    9    8   18   14   18    3    8   14   11   16   17    5   16   12    6   14   15    8    1   12   17   15    5   18   11    4    1   17    7   15   12    4   17   17    1    0    3   18   12 
  16    5   10   10    6   16    7    4    4    7    5    5    0    7    6    5   15    1   11   12   10   11   11    9    4   15    3    4   13   19    4    6   18    2    2    6    5    6   14   12    0    5   11   20    4   12    6    6    6    7    3    6    0   11   14 
   3   19   11   12   16    6   18    4   17    3    4   14   12    9    1   17    9    3    1    8    5    1    9    5    0   18   13   12   16   15    4    9   20   11   13   13   17    0   14    4   16   11    5    1   15   16   10   11   16    3   14    6   13    0   18 
  15   10   16   18    8   17   17   18   10    0    8   18    5    4    5    1    9    5    4   17   15    8    2   10   20    7   20    7    0   10    6   17    7    6    7   14   16    6    2   10    5    6    9    8   10    2   13   13    9   12    2    6    7    5    0 
