  55  0    0   PROB555.txt    H    L    N
 134   95  115   70  100  118   87   79  127   60  130   53  123  101  107  100   76   66   84  106  135  121  101   59  103   71  117  121   93  134   77   62  121   78  148  146   75  156   64  120  109  169   65  122  102  103  104   97   81   75   82   59   70   42   41 
4278 4286 4353 4367 4391 4399 4403 4414 4521 4546 4561 4567 4570 4604 4624 4671 4680 4686 4708 4724 4743 4746 4755 4760 4768 4779 4779 4845 4852 4876 4877 4883 4884 4896 4975 4984 4993 5068 5068 5095 5100 5102 5128 5164 5206 5247 5300 5309 5317 5352 5367 5397 5398 5412 5422 
   6   16   17    7    4   14    4   19    4   17   17    4   19   19   13   16   12   10    8    7   17    5   14    8   18    1   13   18   17   15    9    2    1   14   17   17   20    1    5   18   20    5    9   11   13    3    9   10   13   11   11    8   12   13   11 
   0   19   19   10   14   14   16   10    6   12    9   17    5   16   18    4   14    9    0   16    7   16    8   15    6    3   14   16   11    8   10    9    5   20    7    9   14   16    4   16   14    4   16   14   20   15    5   17    8    9    9   14    1    6    5 
  19    0   17   17    4   20    5   14   19   20   20    9    6   16    9    3    5    8    9    3    8   10    2    8   18    1   12    2   12   10   10    2   19   20   16   10    4   19    1   11    8   16   15   12   14    9   12   14    6   10    5   12    4    6    2 
   4    0    0    6   13   15    2    9    4    2   15    5   15    6   14   19   16    5   20   18    6   20   12   17   18   14   10   19   18   11   17    1   14   16   16   17   17    1   18   12   15    4   10   20    8    7   10    0   11   16   14   17    2    3   13 
   3   13   15    0    3    7   19   14    9   11   18   11    9   15    3    5    4   17   11   17   20   18    6   11   10    4    9   17   18   18   18   12    7   13    3   10   14   19    8    6   16   12   16   15   18    8    7    3   18    9   15   15   11    6    7 
   4   15   15    7    0    4    9   14   17   11   12    2   16   17    6   16    6   13    4   19    1    2   20   13    1    1    9    0    7    8    5   17   14    1    7   15   13   12   19   12   10   14    1    5   11    5   15    9    4   14    1   16    2   12   18 
  16    1    9   10   19    0    9    3    8    8   19   15   17   19   19   10   10   19    4    8   14   12   15    3   15   12   14    5   15    3   17   14    4   11   13    6   13   10    3   20   16   13   18   19   14   17   16    8   17    6   20    1   19    1   13 
   2    8    1    9    6    3    0    1   19    0   13   12    8   12   14    0    7    1   15   12    7    7   20   11    5   20    1   13    4   19    3    9   15    4    3   17    2    6    8    7   10    1   18   19    3   15   18    2   11    6    1   13   17   18   19 
   9   11   15    6    7   19    5    0    1   19    4   12   18   18    8    0   12    6   18    6   17   18   11   11   14    8    1    0   18   13    6   17   13    2   17   11   17    6   14    3   13    4   13   19   14    7   14   11   11    7   15    9    2   18   17 
   8    8   11   16   20    2    7    9    0   19   16   12   19    7    4   12    1   18   11    1   18    6   11    6    3   16   19   11   10    1    3    0   10    5    3    8    7    6   19    4   11    3   13    0    2   17    7   17   13   11   17    1    2   19   19 
   7   14   15    8   19    1   11   13   16    0   10    0   17   12    8   17    9   12   16   17   18    1   14   10   13   13   18    8    9    4   19    7   18   17   12    4    6    3    4    6    9   14   14   12    8    2   11   17   20    6    5   14   13   10    1 
   3   14   18    9    7    8   20   14   20   19    0    8   20   13   10    0   18   13    4   18    1    9    7   18    1   10   14   15   13    9   11    8   16    5   14    0    5    2    2   11    9   10   12    0   11   15    4   13    0   10   13    7    2   12   16 
  12    2   13   12    7    7    3   18    1   16   16    0   17   11    1    6    3   17    8    7    4   16    2    0    8    5   14    8   12    2   13   19    2   18    4   13   18    9    7   15   15    8   10   18    9    2   18    7    0    9   12    1    9   16   17 
   1    0    0    4    1   13    3   14    7   14   17   13    0    3   18    5   15   15   14   17    0   13   11   11   19   17    3   17    4    3   15   17    2   18   13   11   10   14   17   18    9   18   12   11    6   11   14   17    2    3   15   16    2   13    3 
   2   19    9    1   20    2   10   20   13    5   20    7   13    0    8   11   15   16    5    7   10   19   10    0   16   11    6    9   17   13   18   15   16    2   12   16   14   15   11   19   11    7   18    5   19   12   12    5   17   19    7   12   17   16    3 
   2   11    7    7   11   16    9    5   18    3    5    6    6   15    0    1    6   10   12   14    6    7    6   12    9    0   10   19    4    1    5   12    9    1    5    0   17    1   11   18   15   17    3    9   18   13    5   15   16    4   15    3    9    1   19 
  18    9    7    1   17   11   10   10   12   12    4   11    9   16    7    0    6    2   15   14    3    8    2   19    3    7    0    2    9    9   18   15    9    1    0    2   17    5    9   11   18    7    8   19   10   20   20    6    5    9   20   14   12   17   11 
   4   12   20    1   10   10   19    3    4   10   17   11    7   19    8    5    0   18    9   18   17   12   15   12    8   18   16   17    2    0   18   12   17    4   18    2    3   16   10    7   19   12   19   11    7    3   10    1   10    0   20   10    1   14    6 
   8   14   15   18   17   14   13    6   12   10   20    7   13   20    5   12   15    0   11    4   17   17   10    8    1    4    7    1   18   18    7   16   18   11   12    3   13   10   19   10    0   11   15   18   17    6   10   11   17   18   13   19   11    9    5 
   7    7    3   18   20    6    3   13    6    5   13   10   10    5    7    7    3    4    0    4    2   12   19   15   12   14   17    9    8   19   16   11   19    2    3    9    4   15    6    8   15   18   18    0   13   13    4    7    6    8    4   14   14   12    6 
  14   18   17   15   15    3    8   13   17    6    6   15   14    4   19    3   16   18   17    0   17   17    5   19   14    9   20    9   13   12    1    6   13    8    2   13   16   12   13   13   10   16   19    5    1   15    6    3   15   10   10   17    2    2   10 
  13   19   10    2    5    3   16   19    5   12    1   19   18    1   15   11   11    0    4   19    0   17   13   18    3   14    3   14   14    6   17    4    5   19   13   18   18    3   10    2    4   20   13    5    3    9    5    3    2   19   16    5    1    3   19 
  12   13   13    7   16    1    2    9    4   15   12   12   11    7    9   19   17   10   17   16    5    0    3    7   15    1   18    3   13   17   20   15   17   11    5    9   10    2   14   13   14    2   15    7    2    7   13   13    6    2   17    4   14    3   13 
   0   16    3   13    4    0   10    1    6   18    6   13   15    3    8    9   19   19    8    9    7   11    0    4    4    6   11    5    4   16    9   15   16    1    4   19    8    0    2    1    1   13   18   12    8    6   13    3   10   11   14   15    9   19   17 
   7    6    8   15   15    5    5   15   14   17    7   20   15    9    8   12    7   10   15   17    9    8    4    0   16    2    3    0   18   16    4   13    5   16   15    5   16   11    2   19   18    2   15    7   19   11   17   14    4    7   10    3    1   16    7 
  13   19    2   16    8    1    1    3   13   16   15    7    0    6    5   20    5    5   19   11    2   11    5   20    0   15    9   20    7    0    7   17    4    4   12   12    0   12    4   14    9   14    6   16   12   17    7   17    2   17   11    6    2   15    9 
   7    3   17   16   18    8    6   15    3   11   13    6   17   18   18   11   13    7   12   14    8    2   10   16    5    0    4   14   13    4   14   10    8   13    7    9   13   19   12   14    4   15   14   10    4    4    9   20   13   10   19    9    5    0   19 
   8   20   13    1   15   10    6   14    2   14    3   14   13    8    1    4   14    9    4    2    4    6    2   17   13   10    0   18    1    1    9    9   17   11   11   13   16   20    6    0    9   13    1    8   17    1    5   16    1   13   10   18    0    3   13 
  13    0   16   14   11    5    5   20   18   15   14   10    7    9    8    1    3   18   13   14   13   12    1   13   16    2    4    0    8    4   18    3   12    2    4   16   16   18    1   15   13   11   15    5    1    3    5   10   11   10   20    2   10    9   14 
  19    4    1   17   12    8   13   18   13   11    5    4    4    7    1    4    7   15   14    8   18   15   15    4   13   17    8   19    0   16    7   18    4   11   19   15   19   17   18   15    8    5    3    7   18   16   14    7   18   15    7   17   14   19   19 
   5    8   14    7   16    3    7    4    8    1   18   14   12    7    4    2    4   13   16   19    3   10   10    6   13    2   16   15   16    0    9   19   10   15   16    7   15   14   14    2   10   14    1    5   10   16    1    3    4   12    2    2   19   10   13 
   2    4    3   14   17    5    9    6   13    5   13   20   19   18   16    2    6    5   16    3    5    2   10    9    8   19   10    6   12    3    0    7   15   11   13   14   14   17    6    0   12    0    2    3   18    8    6   18    3    9   11    3    8    6   19 
  15    1   16   12   12   13    1   10    7   19    1   18   13    0   10    6    5   18   11    4    6   10    4   18    0    4   10   14    8    3   13    0   13   16    8    4    5   19   19    5    9   11   18   10    2   12   14   20    3    9   15   18    9    7    9 
  19    7    1   13    8   19   19    2    7    2    1    9   11   11   12    2   18    2    9   15   16    2   20    7    7    3   13   16    6   14    9   20    0   12   11   15   10    8    2   20   13    9   15   20    1   20    1   14   16   14   17    2   10    4   15 
  17   10   19   12    1    9    6    5   15   15    5   14    7    3   18   16    3    7    7   13    4   18    0    3   16   20    8   19    3   18   13    4   19    0   13    1   19    8   11   10   13    4   13    9   15    4    3    2   18    4   16    1    9   11    4 
   3   11    6    4    4   16   14    5   13   19    6   12    7    7    6   16    9    9    6   19    2   18   18   11    1   20    8    3   16    7    5    5   14    0    0   19    3   12    5    6    5   11   12   12   11    3    5    9   12   19    7    4   20   11    1 
  19    8   12    4   19   12   14   10   16   15    3    8    6    8   17    7   16    2   18    2   13    6    9    8    1   19   17    6    4   13    1   20   16   20    7    0    5   12   10   11   15   16   18   14   15   17   11    7    4    3   14    5    3   17   14 
  16    3   18   17   18   12   14   10   11    4    9    7    9    7   15   19   18   18   12    4    1   13    9    7    2   13    4    0   17   17    3    8   14   11    3   11    0   17   18   14    2   15    6    4   19   16    9    9   19    6    7   18    2    1    6 
  14   19   16   19    6   18   15   16    6    5   17   18   12   19    7    5    2    9   14   19   17    3   12   18   13    2   19   14   16    7    0   13   13   15   18    3   13    0    4    1    8   13    0   12    9   15    3   14   20    1   16   16   17   15    1 
  17    7   17   19   11   13   19    6   18    1   17   15    4    8   17   19   14   17    2   17    4   13   18    4   12    4   15    9   19    0   14   15   16   11   12   11    6    3    0   11   10    8    6   16   10    9    4   20    5    0   16    8    2   12   19 
   8    3    7   20   11   11   15    4   13   16   10   17   20   15    1   14    4    4   18    7    0    9    5   15   14   17   10    1   15   18   14    6    6   19   16   14   13   12   18    0   19   11   12    3   13   19   18    1   12   16    8    1   19    2    9 
  19   14    6    0    1   19   14    6    1    7   12   10    6   18   19   14    1    7    7    9   19   18   11    5    3   16    4   13   17   15   13    9    8    1    0   12    1    7    1   15    0   17   16    4   16   18    8   18    3   14    5   19   16    7    8 
  14    0   15   10   17   14    3   19   17   20    2    1    8    8    3   15    5   19   18   11    7   12   18   12   14    5    5   17    2    4   10   17   14    8    6   19    1    1    9   19   16    0   10    2   16    7   15    3    0    4    8   17    0   15   16 
   2   13    0   12    9    2   16    2   12   14   17   19   19    1   18    9    7   19    9    4   10    9    5   12   17    4   20    4   18    1   15   20    7   19    3   13   19    9    2   16   15    1    0    3   19    3   16   14   16    8    9   12    5    1    8 
   6   18   19    4   16    1   19   13    9   13    1   16   14   18   15   15   10   17    3   20    3   13   12   16    4   16   12   17    6   20   14    4    8   15    7   11   14   15    0   18   15    5   20    0    4   10   18    6    2   14    4   12    2   16    3 
   8   10   16   11   16    6   19   10   19   12    4    7   12    1   13    3   13    1    6    4    2    3   12   17    7   10   13   11    2   17    7    8   14   17    3   13   16   17    1   17    1   13   11   19    0    0    8   19    8    1   15   12    6   13   13 
  19   13   17    6    6   18    3    7   11    5    0   19   16   13   13   17    9   18    9    7    2    5    9    0   17    6    2   10   10   17    7   15   13   14    5   15   14    2   11    1   11    3    7    7    7    0   13   10    0   18   18   12   13   13    2 
   9   16   18    1    7   15    5    2   14   10    6   18    8   15   13   10   17    1    1   14    7   20    4    2   18   12   10    0   14    9    5   11   19   12    7    7   19   11    3    2   18   10    1    2    3   13    0    3    2    9   20   12   16    1   13 
  13    8    8    3   17    8    5    7    3   15   14    5    2   18   13   10   18    7   13   14    5    4    5    3   13   12   14   13    4    8    4   13    5    5   17    5   11   19   17    0    2    7    4   16   17   14    5    0    6   15    4   19   15    3   13 
  15   16    0   12    5    1   19   10    4    4    1   11    7    8   17   18    1   10    7    1   12   16   12   18    9   11    8   13   10    4    0   14   18    6    6   13    7    9   17   13   13    1    6    7   17   14    1    1    0    4    9   15   17   15   18 
  14    5    3    5   14    3    2    4    6    9   15   10    0    5    4   12   13   12   15    0    4    7   17   19   19   10   18   11   12    6    0   15    4   18   19   20    3   12    4   10    4   16    9   16   10   11   13   10    1    0   12   16    9    5    5 
   5    1    8    2   14   11    1   12    2    6   12    2   15    3   13    6    2    6    5   13   12   14   10   17   16   14   18    2    1    9    4   11    2   19   14    4    1    4   19   18   18   11   17    2    9   19    3    3   12    5    0    7    7   17   18 
   5   12    2   16    5   13   17   14    7   19    1    1    7   17    1    3    2   19   14   11   16   13    1   17   14   17   15    6    8   12    1   18    1   18    1    6    4    5    9    6    7   15   15   17   12   12    2   10   17   19    4    0    8   10    2 
  11   19    6    9    5   10    5   17    7   18   11   18    7   13    1    7   12    6   17    9    6   15   17    3    3    6    9   15   10    6   15    2    3    0   14   18   20    1    1   13   10    3    7    8    4    8   18   16    5    3   17   10    0   11    6 
  13   20    8   20   13   14    7   17    0    9   19    3   14   13   10    3   12    2   11   19   16    5   14    7    4   15   14   17    2   17    7   17   17    5    9   18   12    2   14   20    4    8    2    3    6    1   20   14    8   11   13   19   14    0    3 
  12    5   16    2    8   10    3   13   10   12   17    9    8   14   16   17   15    4   16   14   13    4   17   10    0   12   12    8   16    6    7   11    7   15    2    8    5   17   11    9    7   10    0   20   13   11    5   11   13   13   12    3   19   15    0 
