          35      291   0
   84  107  146  130   96  107  119   81   72   53   84   83   98  106  101
  136   68   70  102  147   79  135   92  100  111  131  110  108  127   78
  106   92   88  116   86
 2708 2738 2747 2759 2764 2813 2845 2889 2899 2904 2927 2941 2946 2947 2950
 2954 2960 2970 3009 3054 3102 3110 3161 3166 3168 3169 3192 3241 3257 3259
 3358 3372 3384 3432 3434
   11   15    0    0    7    6    2    6    8   19   13   10    9    1   18
    5    4   15    4    7   16   10    8   19    0    3    4   14   20    9
    2    4   16   16    1    0   11    4   12    2   15    4   10   12    1
    8   19   13    5    3   17   10   16    5   14   20   11    7   13    1
    7   16   11   17    1   18    9   20   19    0   18    0   16   17    3
   20   10    9   19   18   18    2    1    6   11   11   18    6   16   11
   16    3   10    1   13    7    6    2   18   10    3   20    2    4   19
   16    4    0   18    1   14    6   14   20   20   11   20   10    2    6
   20   20   14    8   16    1    4   15   17    4   18    6   11    1    9
    8    3   13    2    6   14   19    2    0   15   16   10    1   12   20
    8   12   16   14    7   11    0    6    1    1    8   11   18    9   14
   19   17   17   19   15    8   12    0    8   20    4   11    4   14    0
    3    9   17   18    6    6   15    7    9   19   19   15    6    2    6
    1   14   19    7   19   20    0    9   18    6   10   19    6    0   16
    8   10    1    2    5    0    2    3   14   20   14   16   10    4    2
   16   12   10    0    2   17    4   13    5   12    5    8   19   14   20
   12   10    9    2    0   18   13   16    3    5   20    0   17   10    9
    4    0   19   20    5   16    4    4    9   12   17    3    2   13    1
   16    8    1    5   12    8    4    5   16   17   19    7    9   15   10
    4    5    0   10   15   14    3    4   12    3   11    0   14    6    0
   17    0   16    4   14    9   11    5    5   12    8   19    5   17   15
   19   13   19    8   11   11    0   19    0    5    8   10   14    9   14
    5   12    2   11    2   20    3    6   20   12    5   15    5   17    9
   16    9   20   13    5    8    5   11    5   16    1    4    8   18    0
   20    3    0   15    3    2    3   12   11   13    8   15   14    7   19
    8    5    0    4   19    7    9   11    3    8   14    7   10   14    1
   17   10   20    7   15    0    0   17    6    1   10    0    8   19    8
   15   20   15   16   20    9   18    2   11    2   20    6    4   11   16
   19   12    0    7    7   20    5    9    5   12   17    0   20   14    8
   17   18   19   19    3   15   16   13    6   13    4    9    9    1    7
    6   13    9   16   16   12    9   12   11   15   15   17   19   19    8
   11   16    0   18   13    5    2    2    6    3   15    1   16   14   13
   16    9   10   18    7    4   13    5    1    6   10    1   18   18   14
    6   15    4   18   20   14    4    7    0    8    2    6   17    0    7
   19   15    2    8   19   11    1    1   18   14    8    1   16    6   11
   11    5   12    3   19   19    5   19   15    9    9   11    7    6    0
   12   13    4    3    1   17    6   18   10    6   17    5    1    8    4
   10   20    8   13   18   12   16    4    8   15   19   19   14   18   20
    8    3    3    1   11    0    1    1    7    6   19    9   14   13    3
   12    7   18   17   16   17    6    1    7   16   18   13    5   18    4
    5   11   14   16   15   15   18    8    1    4   13    0    5   18   13
   12    4   11   19   16    6   13   13    3    6    0   16    9   15   18
    9    9   17    7    4    0   13   10    1   20    9   17   14    0   12
   10   15    0    3   17    6   17   19   11    0    2    7   18    3   19
    8   11   15   20    7    8    0    9   13   16   19    6   19    8    0
    1   13   20    2    9    9   17    2    0   15   18   13   16   15   12
   19    9    9   17   16   12   19    5    0    1   20   17    3   15   16
   20    1   15    9   15   13   19   17   11   13   13    3   14    6    0
    7   12   20    5    6   18    9    5    1    7    1   17    6    9   10
   15   13    7    3    8   12   15    6    3   12   13    5   10    2   14
   12    7   12    0    1    0   12   12   14    2   17   13   20    0   16
    5   10    0   12   18   13   11   20   14   19   18   10   10    6   15
   18    4    1   13    5   13    1   12   12   11    5    0   11   18   11
    1   19    8   15   11    4   17   14   20    1    1    6   20   13    2
   19   18    5    7    7   10   14   19   12   13   18    0   20   20    2
   10    8    0   15   18   15    6    8   19    9   10   14   19    3   13
   13    6    6   13    9   19   17   13    9    1    6   18   10   18   10
    5   18   11    4    7   12    6   19    0   13   14    2    7    1    2
    3    3    9   10   12   18    1    7   18   18   15   19   16   10   20
   17   10    5   11   16   11    9    6   19   13   19   16    8   14    0
   20    0   18    0   12   17   14   14    3   17   19    6    2    1   11
   18    4    2   10    1    5   15   17   20    6   16    3   19    1   18
    3    2   11   17   18    0   19    1   14    8    5    3    3    2   12
   13    1   12   12   17    0   20   13   11   12    6    3   11   16    6
    4   14    9    4    7    9   14   16   16   15    8    0    7   17   17
   16   12   13   15    8   20   12   10    8   17   20    3    1    3   12
   14    5    8    3    8   17    9    7   12   13   20    0   15    8   16
    1    1    0   20   14   17    5   11   17    7    1    3   13   17   19
   18   19   19   17    4    4   18    1    6   16    1   14   13   15    9
    4    8   17   20    4    2    0   14    0   20   12   18   16   15   15
   18   17    7    6   13   10   14    9   10    2   16   14    7    9   10
   11    5   18    9   12   12   15   14   13    8   17    9   12    7    0
   16    3   10   18    1    3   15   18    7    4    0    8    4   12   13
   10   12   13   17   12   13   15   17   14   20    4    5    7   10    7
   19   15    2   10   16    0   18   13    4   13    0   11    0   10    9
   17    3   14    8   19   16   15    2    2   13    8   11    1    4   12
    1   20   15   11    0    1   17   20    4   11   19    0    2    2    1
    4   13    8   20   20   19    1   11   19    8    9   16    8   10    6
    6    9   13    5   19   15    3   16   13    3   18    6   12   10    7
    7   13    0    9   19    2   12   12    8   15   19   12    1    2   10
    5   13   11   20    1   15    9   20   13    6    2   18    0    2    1
    0    1    5    3   14   20   15   12    0    3   17   13   15    0   20
    5   10   18   10   16    7   14   11    4    6    0   20    3    3    8
   18    0   19   16   14   20   19   15   19    6    8   19    2   12    0

