          45      24123 0
   74  129  103  106  107   76  136  105   44  153  131   86   91   96   91
  105   69  115  114  121   95   69   89   74   85   93  126  119  104  117
  108  104   92  155   96   84   63  122  127  107  111  117  136  129   81
 -136  261  288  417  418  555  579  614  682  700  756  765  847  931  959
  969  975 1015 1135 1216 1233 1426 1457 1544 1659 1665 1744 2168 2274 2278
 2610 2718 2799 2923 3026 3071 3122 3204 3441 3478 3595 3682 3873 3890 3914
   11    0    2    3    3   14    9    3    7   19   14    6   18    5    7
    0    4   17    6   13   20   13   17    1   13    5   14    1    0    4
   12   11    6   20   14   14   14    2    5    5    4    5    4    5    3
    0   20    2   13   18   17   13   14   14    5    2   20   12    4   17
    8    8   19   14    1   11    8   17   14    4   11    2   12   11   15
    2    2    7    0   20    1   20    8    5   13    5    0   11    9    4
   20    0   16   13   14   13   15    5   11    5    8    4    5    7    4
   17   13    1   13    3    2   10    7    4    1    9   13   12    6   17
   14   17    1   11    9   10   17    1    3   19   15    6    5    7   13
    9   12    0   15   18    8   18   11    6    6   19    4    0    9    3
   13    7    4    8    1    1   13   14   16    8    3   10    3    2    7
    5   10    8    5   17    5   20    3    7   17   12   13   15   15    6
   15   10   20    0   11   19   19   20   10    2    7   16    9    1    9
    7   18   12    0    2   14   14   19   13   11   13    2    8    3    5
   19   10    3    9   14    3    1   15    1   14    3   18   17   20   14
   19   11    9   20    0   17   19    6   18   18   12    2   18   18    4
    8    9    9    5    5   20   15    9    4    4    6    9   14    6   20
    9   10   13   20   12   12    8    0    0    9    9   12   10    8    9
    0   10   20    9   12    0   11    7    7   15    5    1   19    2    0
   17   18    7    7   17   12   12   15    4    2    5    6   14    4   10
   18   20   19    3    7   10   18    3    9   17    5   14    8    1   14
    7    1    2    2   12   16    0   15   18    7    4    0    3    4   18
    0   12   19    3    8   18    0    0    8    6    7    1   12   14   18
    6   15    6   16    1   16   12    3   10    3   13    5   20    2   18
    4   16    0    6   17   20   15    0    7   15   14    1   11   15    1
   15   17   19   13    0   18   14    5   14   18    4    1   17    3    8
    6    7    8    2   10    0   19   11   11   19   14   10   12   14    6
   17   13   13    4    7   10    1    1    0   11   15    4    2    3   19
   19   11   15    3   18   18    4   13    7    4   20    0    4    6   10
    0   16    8   16   16    2    2   14   17    2    0   19    7    8   15
    9    4    1   11    4   11   11    5    6    0    5   10   12   17    4
    7    3   13    2   17   10    6    8    1    4    5   12   16    3   17
   12   20   10   13    5   17   17   11    5   12    8    1   15    1    8
   11   15    2   19   18    8   11    1    0   19    0    7    1    0    5
   10    2   18   16    5   17    0   20    3   14   20    9   13    6   17
   16   17   20   19    3    8   14   13    4    5    8   12    7   19   15
   18    8   12   18    6    7    2    0   16   17    4    0    7   12   10
    4    9   16   14   11   15    5   15   14   14   16    7   12    0    3
    3    4   12    8   10   10   18    1   18    6   20    5    9   14    3
   18   18    7   10    5    8   11    3    7    8    5   10    0    1   10
   20    1   14    6   11   13   16   20    9   10   18    6   20    9   14
    5    1    9    4   14   17   15   12   17    0   14   10    9   18   18
    8   13    1   16   12   11    0   12    7    1   19    8   15    0    0
   15    7    9   12   12    5    2    3   16   11   20    3   10    7   18
   10    1   19    6   17    2   10   19    6    0   14    2    1   14   14
   15    7   13    3    9    6   17    6    2    5    4   17    3    7    0
   17    1    3   10   14    8   14    5    5    8    9   18   11    6   13
   11    4   19    1   19    6   19   13   17    1   16   14    1   10    8
    6    2    6    0    8   20    0   11    4    9    7    8   14    4    5
    0    5    4    9   10    7    8    9    7   20    8   12    1    1   12
    1    6   12   10   10   12   17    8   16   20   13    1   13    3   20
    6   11   18   11    4   15   11    3    4   12   20   15   13   11    8
   18    0    9    4   18   14   11    4   19    0    7   16    7   17    7
   11    6   14   11   17    0    5    1   18   11   13    7   10    2   16
   18    2   13    2    1    2   11   19    1   20    2    4    8   12   12
   11    5    0   14    0   17    4    3    4   14   20    6    2   12   11
    6    4    0    2   14   10   13   15    3   15    2   17   17   11    1
   15   10    5   10    6   18    1    8   10    8    2    9    0    7    6
   15    5   11    0   18   20    7    3   10    7    0   14    4    4    6
   14    0    7    3    2   14   17   15    0   16   18    2    5   10   19
   10    1   13   11   18   13   15   20   19    5    6    3   10   15    5
    8   17   13    5    0   15   11   17    9   20   20   18    7   11    1
   10    5    7    8    9    0    5    9    8    2   12    1    2   17   16
   18   12    5   12   10    6    9    2    2    8    9    4    8   20   10
   19    3   10    4   13    0    0   19   15    2    0    2   10    3   12
   17    3    5    1    9   15   12   20   11    6   12    6   18    3   18
   19   11    8    7    1   15   20   16    7    4    4    0    4    5   15
    3   13    6   15    8   18    0    5    7   16    2    2   20   19    8
    6    5   17   10    2   14    3   10   18   17    2   11    9   15    1
   13    6   20   15    0   10   16   14    8    4   11    7   14    7    7
    1    8    3    9    9    0    2    0    3   16   16    9    5    5    5
   20    1   20    2   15   15   12   11    6   14   16   11   20    1    8
   16    0   18    0    1   13   17   10    7   11   18   11    1   12    5
    7    8   14    4   13    3   12   20    0   17   17    7   15    1   14
    9    4    2   12    0   20   10    4    9   18   15    0   12   10    3
    7    0   12    8   19   17   17    3    1    3    9    3   12   14    4
   14    0   15   12   18   15   13   14   14    0    8   20    2   11    0
    1    6    3   16    6   20    0   15    5   19   17   11    5    8   19
    2   20    0    6    8   16   15    6    5    6   18   15   19    3    5
   19    6    5   15    9    9   13   12    9    3    0    3   12   13   15
    6    7   10    8   18    3    8   16    1    8   18   15    4    7    0
   11   20    8    0   16   11    0    1    6   14   19   18   12   11    9
   12   17   11   11    3   11   17   10    4    2    8    0   17    8   17
   12   17   19   17    4    3    3   18   14    8   16   14    5   19    9
   12   11   17    4   16   10   17    5   10    4   14    2    0   10    0
   11   16   16    2   15   10   19    5    9   16   12    8    0   18   11
   20   14   17    7    7    2   12    5   14    0    5   10    1   17    6
   11   14    0    1    8    1    3    9    3    3   11    4    0   14    9
   13   20   18    9   15    6   10   13   10    1    6   18   13    0    1
   17    9    7   13    9   12    2    5    1    4   17    3   17    0    7
    3   20    1    0    4   15   14    6    2    9   18   10   16   16    0
   10   20   12   13   18   19    1    3   14   14   20    3    0    1    0
    2    7    4    1    8    4   16    1   20    3    7   18    3    2   12
    3   13   11    5    1   20    7    5   17   13    6   17    1   15   19
    2   11    5   16   14   11   14    9   20   16   19    3   20    0   13
    0   13    6   17   15    1    1   11    3   11    7   15    1   12    7
    2    1   18    9    3   14   16    0   19   13    9   17   15   10    2
   13   12   13    6    2   16    5   16    0    6   19    8    0    2   10
    6    0   11   20   11    9   10    5    5   16    2   20    9   19   10
   15    5    4    4   15    8    3   11    7    8   20    5    7   12   16
    9    2   16    7    5   11   10   10   17   19    5   16    2   17   12
    8    7    0    9   16   13   12    2   15    4   12    5   17    4    8
   12    7    3   15    3    7    6   14   16    4   15    5    6   14   16
   16   19    7    4   17    2    5   19   16    3   16   16   13    2   20
   19    5    1    0   17    7    4    0   15   14   16   18   13    1    8
   16   19   10    0    8    3   14    2    2    1    1   14   20    4    6
    5   13    5    4    7    4   18    2   18   14   10   18    6   11   19
    5    1    2    4    0   16    1    0    6   16   10    1    8    4   13
    7   14    6   13   16   17    0    7   13    7   17    8   11   17   14
   17    0    0    3    7    5    5   11    8   12    4   17    7   15    0
   14   17    1    0    7    0    3   15    4   20    7   14   19   19   14
    5   10    4    2   13   20   20   15   14    3    4   14    0    9    4
   20    3   11    5    0   15    0   16   19   19    9    5    7   16   12
   12   15    3    0   13   10    0    6   20    2   14   18    0   20   10
    5    6    9    9   15    5   20   10    4   20   13    7   15   20   16
   11   14   10    9   13   16   19    6   19    6    4   17    0    8   20
    3   15    7   14   18   12    9    0   10    0    7   19   13    8    8
   14   14    2   10   11    9    0   16    9   12    4   14    1    7   10
   18   18   15   17    3   17   20    9   10    6    4    7    6   18    7
    9    8   12    3   16   15    1    7    0   10    8    8   11    9   15
   19    4   17    6    5    5   14    3    4    2   20   10   11   14    8
   17    0    4   19   11    4   20   11    6   14   12   17   12   16    6
    3    0   19    6    5   11    3   11    5    0    2   19   12   17   20
    8    6   10   20    9   15    2   15    8    9    2   19    8    2    9
   11   19   15   10   10    6   12    9   18   10   15    0    3    7    7
    3   18   20    5    3    6    3    0   13   12    0   12    0   10    4
    2    4   11    1   11    6   16   15   16   13   15   20    5   13   15
   20   15   19   12    4   16   19    4   13    6   20   12   11    7    4
   15    5   20   14   12   11    9    7   18    9    2    0   19    3   13
   11    2   15   14    9    6    1    0   11   14    5   14   17    9   11
   14   13   20    1    9   11    8    8   14    5   17    9    6   16   15
    8   18   10   12   12   11   11    5   12    7    9   15    0   13    9
   17    6   18   18    7    3   11   20   13   17    0    5   12   17   12
    7    4    4   12   20    7   17    2   18   11    3   15   14    6    5
    0   20    7    8   16    5    2    9   16   18   18    5    9    0    1
    0   11   11   11    4   17    1   11   16   13   13    4    4   11    2
    4    8    4   20   12   14   11   14    7   18    3   18   13    5   14
    2    0   11    6    8   13    7   19   13    3    1   17   18    6    0

