          45      116   0
  106  101   96   99   94   96  105  102   94  101   87  101   96  103  100
  100  105  100   93   95   98  104   99  106   94  103  110   99   96   92
  102  112  103  111  103  110  101   97   98  101  102   94   94  103  115
 3474 3480 3509 3534 3615 3646 3655 3717 3741 3746 3767 3767 3786 3794 3836
 3866 3869 3869 3886 3894 3906 3924 3925 3957 3958 3961 3964 4045 4095 4116
 4142 4158 4158 4268 4280 4302 4349 4355 4371 4409 4411 4423 4425 4443 4446
    6    1   12   15    1   19    6   10    0   10   13    7    6   18   17
   10    8   19   18    9    1   17   19    6    3   15    9    5   20    2
   16   18    2   12    5   15   18   10    9   18   11    0    2   11    6
    0   17   16    5   16    9   15    0   14    2    4    8    9   16    3
    2   13    8    6   17   10    1   10    1    8    9   14   20   10    9
    6    6   13    0    7    0   11    7   11   14   13    0    0   12   19
   11    0   13    9    5   13   12    4   17   16    2    5    5   20    2
    9   15    7    8   18    6    0   19    7    6    3    4   13    1   20
   17   10   14    8    6   12   17   16   15   16    5    9   20   11   15
    0    5    0   17   14    2   19   12   18   13    3    0    1    7   11
   11    7   15    3    1   13    8   14    8   20    3   17    0   14    0
    6   14    5    4    2   13    9    9   17   13    2    5    9    1    1
    2   16   17    0    3   14   12   13   14    3    5   10    5   16   14
   15    0    8   19    7    3    6   20    0   16    5    6    4    7   10
    1   19    1   10    1   18   12   10    1    5    5    1   14   19   15
   16   16    2    5    0    3    2   13   17   12   18    1   14    3   16
   19    4    9   18    3   10   11   13   17   13    4   14   14    2   16
   19   16   10   15   10    9    3   20   11   17   13    4   16   12    2
   18   12    6    4   15    0   18    6    6    3    3   19   12    4    1
   16   13    8    1   10   20   15   15   17    0   17    2    8   10   13
    0    8    0   13    8   17    3   20   20    2    7   15    6   17   20
    6   15    3    6   10   14    0   17   18   13   17   16    8   10    7
   19   11   12   20    1    3   10    0    2    5   16   16   16   16    8
   10   15   14   14    2   16    8    2    8   12    3    3   10   14   15
    7   12    1   15   18    0   10    0    7    9   17   15    0   20    8
    0    1   16    9    4    4    1   18   13    5   14    9    0   15   13
    2   14    8   15    7   15   20    6   14    2    1   10   10    9   17
   18    2    5    5    5   11   20    2    0   11   17   12   18   11    0
    6   18   10    3    0    4    3    4    6    9   18   19    6    4    4
   12   17    9   16   13   10    2    6    4   11   10   10   16   18   20
   20    0    3   11   20    6   16    1   16    0   18   12    8   15    2
    8    0   11    0    7    0    5   14    6    0    7    3    8   10   12
    8    9   16   19   20   13   16    9   17    1   11    0   20   15    7
   15   19    7   18   19   19   18   12   13    3    0   20    0    2    4
    2    9   18   12   18    0    1   16    2    1   16   13   12   13    9
    7   20    3   14    6   17    8    9    1    1    6   14   12    6    1
   17   18    1   15    8    8    4   12   20    7   20    0   12   19    2
    4   11   16    4   11   15    0   13    1   19   13   20    2   10    0
    1    9    6   20   16    1   12   10   12    4   16    8    9   16   14
   15    1    7   18    0    3   12   18   20    2   19    1    0   17   20
    4    5    8    8   19   17   16    3    8    4   16   12    0   13    9
   17   19   12   11   17   13   13   14    3    7    7    1    9    4    2
    1    2   19   13    3    5   11   10    9    0    7   12   10    0   12
   10   18    5   13   14   10   12    6    1   14    5   17    0    2    0
   20   17    0   17    4    5    7   12    8   11    2   17    5    6    8
   11   19    1   11   11   11   18   16   16   19    5    0    3    8    0
   19    8    8   12   20   15   20   16   17    3    4    9    2   18   10
   17    2   11   16    3    4    6   18   15    4   17   18    0    7    6
   12    2    0   11    2   11    4   10   13   14    6   19    3    5   12
    0   16    2    1    3    8    6   13    8    5   11   11    4    0   13
    8    7    9   15   18    8    0   10   17    0    1    0   11   20   15
   13   16   20    7    1   16    0   12   12    8   17   14    4   10   13
   14    0   17    0    6   20   19    7   12   20   20   10   10   12    4
   13    1    2   15   13   17    0   14    0    7   18    2   15   14    8
   14    0   13   15    4    7    0    2   12   16   12    2   15    2   14
   17   19    0   11   16    9   16    6    4    0    4    6   16    5   12
    3    8   14   10   20    9   20   10   20    4    2    7    8   19    0
    8   15   20    4   20    1    9   20   14    5    9    3   16    9    9
    6   18   12    0    0    6    8   11   11   18   16   18   15   19   13
   18   17    0    5   17   11    5   20   12    3   16   13    5    4    4
    4   18   13    8   13   12    1   19   18   19    8    0   15   10   14
   10   11    5   20    0    6   18    7    5    0    8   17   15   18   18
    9    1   10   13   13    2   13   18    6    0   20    1   16   13    7
    2    0    5   13    1    4   17    6    9   19    6    9   16   17    8
   15    2   17    3   13    0   10    2    5    2   20    9   10    4   19
   15   14   10   17   12    1   19    7    6    4    8   13   15   18    5
   17   17   11   12    9   11    6    0    9   15   12    1    7    4   20
    4    1    7    4    1    2    0    4    2    0   13    5    7   13    5
    8    2   10    2   19   13    5    6   16    5   13   11    5    3   14
   11    1   15    6   17   18   19   17   11    0   13   17    8    7   12
    3   13   11    5    9   16    1    0    3   16   13    3    2    3    3
   12    1   17    1    0   14   14    0   18   15   19   17    5    7   10
   13    0    5   18    4    6    3    8   11   16   20   13   19   15   19
   11   17    2   11   15   13    1    5    0    9    8   15    6    8    7
    1   16   15    8    0    4   18   12    3   14    7   18    9   10    4
   15    0   14    1    6    2   20   19   10   18    7    7   15   11    0
   20   20    8    9   16    0    7    0    5    0   17   12   19   10    7
    7    8   11    5   18    4    5   16   11    9   13   10    2    9   13
   17   13    5   19   14   19    7   19    4   16   16   11   10    7    3
    5    6    6   18    6   10   12   20   19    8    0    4   11   19    1
   17   15    4   17    5   12    4   14    6   18    8    6    0    5    9
    5    9   13   18   13   10   17   10    9   12   18   17   10   12   19
   18   14    0    5    5   11   12    3    4    9    1    0   16   11    3
    6   19   17    8   13   13   16    8   11   20    4   13    6   15   15
   11    4    0   11    0    2    9   16    4    8   19    3   11    2    1
   13   17    8    1   16    7    2    0   11    8   12   11    0    4    4
   18    1    5    9    0    9    4   20    4   17    9   19    7   18   20
    7   18   17   20    1   19    0   19   10    8   14   11   19   16   19
   16    4   18    8   11    8    9    8    9    0   19    3    5    0   13
   20    1    7   17   14    1    8   13   13    2   19    2    5    9    1
    4    8    6   13    6   16   12   12   16   12    2    8   18    8   18
    1   15   18   20    5   10   17    1    3    1   18   10    4    9    0
    1    4    6    0    2    9   14   12   20    3    9    8   17   13    6
    9    0    4   11    4    5    0    6    4    4   18    3    5   20   19
   13   18   19    5    8   10    1    8    8    3   15   20   17    8   16
    0    8    4   18   10   19   19    0    2   14   18    7   15   16    8
   20    5   17   20   16   18   19   16    7   16   19    6    8   10    4
    5   13    2    6   20    0   18   14    0   13   16   20    0   13   12
   14    0    6    1    1   12    1    6    0    1   14   16   10   15   17
   20   19   20    8    2    0    1   10    0   12   13    1   18   11    3
   15    0   12    9    4   20    8   15    9   12   20   12    3    1    8
   12   10    0    1   13   11   13   11    2   15    4    5    7   13    1
   10   18   14    6    3   13    9    5   16   11    4    7   18   19    8
    2   18    0    1    2   17   11   20   16   18   18   14   10    6   13
    2   13    1    0    2    6   20    0    1   17    2    7   18   20   17
   15    6    0   20    8   18   12    4    4    2    7   17    6   15   12
    6    7   15   10    7   10   18   14   12    5   15    8    4   16   11
    9   18   19    8    0   17    9   12   17    5    6   13   17    3   11
   12   16   15    8    3    8    8   12    8   16    9    2    8    5   18
   11   16   12   19   12   10   10    8   17    5    8   19   15   18    9
   15   19   11    6    0    0    8   12    3   13   10   11   20   10   10
    8   17   11    9   15   18   19   19   15   14   12   10   13    0   10
   10   20    2   19    3   16   10   12    1    4   11    5   10   14   10
   12   20   12   14   18   20    0   12    8    9    5   11   18    5   13
    8   18   11    1   20    6   13   15    9   12    2   18    8    2    0
   11    6   15    2    4    1   19    3    6   16   14    4   13   16   20
    0    1   17    6   12   18   17    0    9    5    3   15   19    2   12
    4    6    4   12    9   14    7    9    1    5   20    3   12   18    1
    2    9   12    6   20    7   12    8    4   19   12    5   16   20    6
   19   15   14   17    9   12    9   18    0    6    0   19    5    8    1
    9   12    7    1    5   10    8   18    0    3   11   10   10    3    8
    8   12    3   11   16   15   14    6   12    7   19    1   14    7   20
    1    8   10   16    1   14   16    8   16    0   14   12    4    1   20
    4    2    6    9    6   13    1    7    0   16    1    3   19    1    0
    1   14   13   19   18   20   16    8    7   10   11    9   18   12    9
    8    6    6   17    3    1    9   10    4   13    0    1    1   17   14
   11    7    1   13   13    3   20    3    1   11   12   18    2    1    7
   17   11    4    4   20   11   14    0    9   14    1   19   18   20    1
    5   13   14    1   16   15    8   20   13    1    7    0   10    9   19
    5    6   14   14   12   18   10    1   13    6   19   11   14   20    3
    7   14   19    1   14   16    3   12    5    5    2    0    0    0   13
   15    5   15    5    5   20   14   18   18    5    3    9    0    9    8
    0   18    1   18   12   17   13    5    9   10   10    3    0    2    7
   18   17   19    7    9    6    5   10   20    6   14   15    8    7   14
   14   12   13   13   15   11   11   11   12   11    9    8    7    0   11
    2   14    3   11   20    8   10   19    1    3   19   11    5    5   16
    5   10   10   18   20   14    1   19    9    8    8   16    6    1   18
    4    4    9    2    1   11    8   11    4    0   18    0    7   11    0

