        25      0       0
106 101 104 101 106 99 104 105 93 93 96 94 99 95 110 102 99 98 107 99 101 94 94 99 94
469 602 703 836 929 982 997 1104 1196 1376 1637 1642 1660 1682 1906 2199 2302 2311
2395 2485 2534 2571 2588 2858 2872
  0  0  0  0  0  0  0  0  0  0  0  0  0  0  0  0  0  0  0  0  0  0  0  0  0
  0 10  7 12  8  8  9  8 10  9 11  8  7 12  9  9  8  9  9 10  8  7  9 11  8
 10  0  8  9 11 11  7 10 11 11  9 10  8 11  8 12  9  8 12  8  9 10  9  9 11
  7 11  0  8  7  8 11  7 12  9  8 11  9 11 10  9  7  8 11 10  8 10  9 10 11
 11  8  9  0  8  9 11  9 11 11 10  9  8  8 11 11 11  7  7  9  8  7 11  8  7
 11  9  7 11  0  9 12  9  9  8  8 10  7  9  7  9 12  8  9 12 11  7  9 11  8
 10 11 10  9 12  0 12 12  9  9 11  9 10  8  8  7  7  9  8 10 11  7  9  8 11
 11  8  7 11  9  9  0 10 12 10  8 11 10  8 11 11 11 11 10 11  8  9  8 11  8
 12 10 10  8  9 10  8  0  7 12  7 11 12  8  9 10 11  8 11  9  9  8  7 11 10
  8  8  8 12 10 10  8  8  0 10  7 11  7  8  8 11  9 11 11  9  8 10 10  8  7
  9  8  7  7  8 10 10 10 10  0 11 10 10  9 11 11 11 11 11 11 10 12 11 10 11
  9  8  9  8 11 10  8 11 12 10  0 10 10  8  8 12 10  8  7  9  9  7 11 11  9
  8 10  7  8 12 11  8  7 12 10  9  0 10 10 10  8  9  9  8 10 11  9 12 12 10
 11  8  8 10  9 11  9  9 10  7  8  9  0  9 10 11  8 11 10 12 12 10  8 10 11
  9  9 11 11 10 12  7  8 10  9 11 12 12  0  8  7  8 10  8 11  8 10  9 10  8
  7  9 10 10 10 10  8 11  8  7 11  7  9 10  0  8  9 12  8  9  9 11 11 11 11
  8  9  9  9 12 11  8 10  7 12  7  8 10  9 10  0  7 12  9 11  9  9 11 10  8
  9  9  8 11  8  9 11  9  8 10 11 11  8  9 12  7  0 10 11 10 10  8 12 11 10
 12 12  7  8  8  8 12 10 12  9  9  9  9 10  9 11  7  0 12  9 10  9  8 11 12
  7 11 11  8 11  8 10  9 10 12  9 10 12  8  7 12  9 12  0 12 10  8  9  9  7
 10  8  8 12  9 12  8 12 11 11 10  7  9  9 11  9 10  9 10  0  8 11  8 11  9
  8  9  7  8  7 12  7 11 10 11  8 10 11 12  8 11 11  9  9  8  0  7  8  7  8
 10 11 10  8 11 12  8 10 10 10 10  8  8  9 10  9  9 12  8 12  9  0 10 11  8
 12 10 11 11  7 10 11  7  9 12  8  9 11  8  8 11  7  8  8  8 10 11  0 10 12
  8 10 11 10  8 11 10  9  8 11 12  7  9  8  8 10 10  9 10  9 10 11  8  0  8
  7  8 10 10 10  9  8 11 10  9 11  7  7 12  7 11 11  7 11 10 11  8  9 11  0
