          35      0     0
  127  124  114  120   91  119  123  105   87  116  136   42  105   86  129
  159   94   64   89   54  103   92  118   91   86   58  111  137   97   43
   85   50  111  121  131
 1650 1655 1656 1779 1908 1974 2031 2214 2299 2349 2361 2632 2798 3005 3057
 3102 3160 3174 3297 3325 3381 3582 3724 3853 3884 3970 4097 4169 4180 4324
 4683 4686 4720 4721 4786
    7    4    4    9    4    9    9   14   17   15   18    4    3   16    2
    0    0   16   14   12    4    5    1   19   12    1    2   11   20    5
    8    8    4   12   11    0    2    7   13    5   16    9   13    7    7
    9    5    5   17   10    2    9   19   20    0    6    4   19   13   13
    0    8   20   17    8    2   20   18   19   20    5    0    6   16    9
    2   17   18   15    2    4   11   12   14   11    8    4    2    2    5
    5   17   13    9   11   15   20    6    7   13   19    6   10   15   17
    6   16    0   19   18    0   12    8   20   17    3   17   11    0   10
   14    7    3   19   13    3    0   18    2    0   20   19    7    9    0
    2   13   20   12    7   18    5    6    0    7    6   15   12   12   13
    9    8    3   13    1   11   15   13   11   20   16    4   14   14   10
   16    0    7   20   14    4   19   19    5   20    4    2    1   18    0
   10    3   16    9   16   16   20   19   12    2   19    4   20    1   12
   13    9   15   20   18    1   16    8    9    2    2   20   17   12    0
    2    3    2   13   16    0   15   11    9   20   16   18    5   11   12
   20    7    2    5    1   20   18    0   13   10    1   11    7   13    4
   13    3   16    1    0   18   14   16    2   20    9    0   17   12    2
   14    9   10    0    2   20   12    7    2   19   16    2   17    4   13
   16   16    2   11   14    6   14   19    3   14   20    4    7    6    4
    0   10    0    6    5    2   10   11   10    0    2   17    2    8    8
    1   17   13   16   14   12    2   20   10   17    5   20    4   14   20
   18    7    3   18    5   18    6   12    0   17   19    6    2   12   10
   18    1   19    0   18    0    2   16   12   17   18    0   11   14   17
   19   13   16   12    1    2    9   18   15   16    9   15    8   20    0
    2    2   10   18   14    8   12    2   19   17    6    7    2    0   20
   12   13   14    0    6    3    3   11   18   17   15   11   19   20   10
    2    2    5    7   16    0    1    9    6    5   15   13   16   13    8
   12   19    0    8   18    5   13    7   20   20   12    4   19    2   11
    4    1    9   20   15   15   10   11   15   16    1    0    0    4   20
   10   19   12    5    3   19   14   19    8    6    3   10    8   12   18
    3    9    3    2   20    9    6   19   20   18    7    4    4    2    4
   19    6    0   16    2    5   15   16    8    0    1    1   13   17   15
    6   11   18   10    7   18    5    2   11   18   20    7    8   13   13
   15   13    3   13   16    1   11   12    0   13   11    1   17   14   11
    1   16   14   19   15    3    7   14    2    7    0   14   14    8    9
    8   13    5   14   12    4    6   15    5    9   18    0   15   20    0
    3    1   13    7    1    4   17   16   11    2    0    3    5   13   14
    4   20   15   19    7   10    0   16   13   14   20    9    8    8   19
   20    6    8   15   11    0   11   19   11    4    7   20   14    4   15
    4    0   14    4    5   13    8    7   10   10   20   16   11   12    9
    3    3   18   16    3    3    3   16    8   12   16    0    2    3   10
   18   16    0    3    4   13   14    9    8    6    4   20    6   18    0
    6    3   14   13   19   12    7    4    6   16   12    1   17   14    1
   17   20    0   15   20    2    2    7   20    8    3    8   11    4    5
   13   11   10   10    5   18   14    9   12   18    5   10    4    6   10
   20    9    5    7    2   17    0    3    0   13    5   19    1   14    1
   14    4   16   13   11    1    1    9    7    9   12    9   14    4    5
    9   19   14    7    0    3   17    6    9    3    6   12   16   19    0
    0   12    6    2   18   18    5    2    7    4    7   13   19    4   16
   19   11   19   15    2   18   16    8   11    5   13    6    8    6    1
   17    9    7    1   10    0   10    0   15   12    3    2   14   11    1
   17    1    4   20    5    1    6    1    9   10    3   17    4    5   13
   15   17    7    5    8   12   19    7    2    1   15    0   11    8   15
   12   12    1   11    9    5    4    7    0   18    1    6    1   19   19
    4   12   17   19   16   17   20   10   19    2    3    4    6    8   10
    8    6    0   18   18   14   13    2   13   11   14    3   18    2   11
   11   15   13   12    9    7   16   19   15    7    1   16    0   15   20
    1   18   14   14   11    4    8    8    0    5   14    0    7   15    7
   15    9   11   17   11   16    9    9    8    5    6   17    9   17   19
    4   15   20   12    0   13   11   18   20   20    8    4   14   13    0
    8    3    7    7   16   11    8   15   10   11    5   19    3   16   14
    7    2    8   19   11    8    7    4   14    3    3    4    9   11    1
   12   15   17    1   10    0   20    8    0   19    8    7    5   20   19
    7   14    3   17    3    9   17    0   17    0   17    3   13    5    9
   14   11   12    1   14    2    6   16   17    2   14    0   14   12   18
   18   19   17   18   17    2   14   11   14    3   14    2    6    0    6
   16   17    0   19   16   15   12   10    4   19    0   13    3    1   20
    7   20    0   11   12    2   10    1    3   19   12    8   10   20    6
   15    6   17   14   19    6   15    5   20   12    4    4    1    0   14
    5   15   15   16   10    2    6   13    0   13    2   15   13    5   19
    8   13    5   17   20   20   13   19    9   19    6   20   14   13   10
   12   16    4    8    2    1   17   18   16    4    4   15    4   13    0
    4   17   16   15   11    7    2    1    7    4    6   13    0    8    7
   18   15   15   10   14    7    2    0    9    0    2    0    1    5    6
   12    7   15    6   18    0    7   12   12    5    5   15    6    0    8
   16   11    7    3    4    8    5   18    8    4    7   13    9   12   12
   20    9    0   16    1   12   18   17   11    6    7    0    9    7   13
    6   15    6   19    1    3   16    7    2    6   19   14    7   16    3
    0   10   12   17   19   19   12    2   10    4   17   11   11    4   19
   20    2    0    4    6   11   18   19   11   15    4   15   17   19   16
    9   18   15    1   17   18   13    7   11   11   15    5   17   12   19
   17   13   17   20    6    0    4    1    0   13   14    6    2    6    9
   17   18   11    7   14    7    6    4   17    7   20   13    2   19    3
   15   13    4   10    5   15    1    3   16    9    0   10   13    8    0

