          35      0     0
   97   95  101   94  102   95   98  104  107  102   94  106   96  101   97
   90  101  101   96  108  101  101  101   97  100   97  102   99   99  101
   99  114   95  105  104
 1388 1412 1469 1499 1530 1772 1841 1888 1897 2071 2102 2517 2529 2564 2611
 2772 3063 3173 3223 3296 3335 3351 3420 3615 3678 3813 3971 4044 4149 4159
 4231 4290 4369 4506 4531
   10   17    9    7    1   11   14    4    5    0    8   11   15   18    5
   10    8   10   15    1    1    1   15   19   17    8   12   18    7   12
    7    2   11   11   11    0    3   12    8    9   12   14   14    5    7
    0    6   14   16    6   16    2    8    2    7    0    1    3   13    2
   18    2    1    1   16   12   11    8   10    3   13    0   10   16    6
   16   17   14   15   16   17    7    7   20   17   14    8   18   13    3
    2   11    7   10    8   15   10    9    8   15    0   15   13    5    8
    3   14    0   20   12   19    3   11    9   17    5   12    3    0   10
   14   14   16    1   17    7   15    3    9    6   19    0    1   10   11
   19    3    8    0   14    0    1    7    0    9    3   10   14    6   13
    6    1   17   13   11   14   16   18    8   11   18    1   18    3   10
    8    8    2    1   18   15    2   13    4    5   15    9   14   12    0
   19   15    8   20    2   15    1   12    0   20   14    8    9    4    0
    3   12    0    6   16   19   11   18   12   20   16   18   16   19   20
    7   18   20    0    5    0   20    5    1    6   20    5   18    7    3
    1    0    4   20   12    4    2   18    1   15   11   12    5   10   18
   13   10   17    0    8   10   16    6    7    4    2    0    7   20    1
    3   12   11    9   15   18    2   19    9   13   15    5   15   10   14
    4   10   18   13    3    4   11    1   17   10   11    6   16   11    9
    3    8    0   14    5   17    7   17    3    8    7    3   14   11    0
    1   19    1    4    6    7    7    0    3    2    5   10    8   19   11
   17   18    9   19   13   17   10   13    0   16    3    7   12    0   13
   10   10    4    9    1   16    0    5    5    8   10   18   15   12    2
    3   17    8   14    4   11   17   18    5    5   20    6    1    9    0
    2   20    1    9    4   11    4    3   12   15   17    7    5    5    0
    6    7   15   20   13   10    9    5    1    2    6    1    2    4   13
    8   18   18   17    0    0   18   20    6   12   20   16   17    3   10
   15   14    7    4    3    6    1    3   18   18    1    3   19    7   11
   17    4   17    6    1   20    3   11    6    8    4    0   13    2    0
    5   17   11    6   14    4   11    0    7    3   20    3   16    5    4
    5   16   19   18    3   18    0   19    3    4    3    0   15   18    8
    3    2    0    2   14    7    6    7   14    7   10    6   16   18    7
   19   18    1   11   14   10   18    5    6   16   14    4   11   17   10
    1   12   20   15   18   18   15    5    0   20    3    7   11   18    1
   15    0    3    8   15   15   16    8    9    5    3   10    6   15   18
    8    2   16   19    8    8    4   19   20    8   15    0    2    1    0
   12    7    4    7   11   19    8    8    5   17    2    0    1   11   10
    5    2    1    5    1   13   17   13    8   12    8    1   13   15    9
   10   16   12   16   19    0   17    4   19   18   13   12    4   14    2
    3   16    4   13   17    6    4    5    9   18   17   11   14   11    1
   17   15   12    2    9    4    8   19    8   16    7    0   17    3   19
   15   14    7   11   10    6    9   17   15   18    2   10    1    0    5
   19    0    9    5    3   13    5    4   19    1    1   16    8    3    6
   17    9    0   13   12    0   19    5    4    2    4   20    6   17   18
   11    2    8   14    4   20    1    9    9   19   19   16   20    2   19
   10   17    9   16   11    7    5   12    0    4    5   11   12   10    6
    1    2    4   20    0   10    3    9   20   14   18    6   14    9   17
    7   12   11   13   11    0    2   11    6    8    4    7    5    7    0
   16   20   10   19   11    6   16    0   16    2   12   18   19   20    9
   14   13   16    2   12   10   10    2   13    8    9   12   17    3   15
   15    3   13   19    2    0    7    4   11   20   19   19   10   11    8
    3    7    7   20    4    1    0   10    4   19    8   12   20    4    7
   14   16   16    0    7    9    2   16    1   10    4    0    0   12    5
   10    9   19   10    8   16    7   19    7    5    6    6    1    2   20
    7   12    6    5   13   20   10    9    8   20    9   14   13    6   16
    9    7    0   16   17   19    1    9   11    5    9   15    3    0    6
   11    3   19   14   20   13    5   17    5   13   19    1   15   18   10
    3    9   14    4    7    9    6   12    0   17   14    7    4    8   16
   17    0   16   20   16   18   18    1   13   11    3    7   12    3   12
   20   10    9   14   20    4   16   20    7   10   19    2   11   13    0
    2   18    6    7    3   10   17   12   18   10   12    5    4   12    4
   11    3   11    5   16   12   16   12   11    7   14    7    8    2   10
    8   13    5   18    2    0   12   10   16    9    2   10   20    6   16
    1   10   11   19   16    7    4   15    6   13    7   20   15    1    1
   19   11   16    3   11   16   15    5    6   11    6    0    4    5   11
    6   17    4    3   17   19   14    4   13    0    5   10    3   13   12
    6    2    2    9    0    1    4    8   12    0   19   15    3    4    4
   16    0    0   12    2   18    4   11   16    6   10   19    5    6    0
   14    1   15   18   15   14    3    6   17    4    3   13   13   20   16
    5   12   14   20    0   16   12    2    0   12   10    0    2    5    9
    1    5   17   12    0   15    4    6    5   20   11    8   14    6    0
   15   16   18    7    5    0   15   13    0    8    9    9   14   13    0
    6   16   16    6    3    7   12   10   10    4    5    5   18   14   11
    3    0    6   12   14   17   10   13    7   15   12    4   17   17    2
    7   12   16   15    8    0    6    3    0    0   17   17    1   15   14
   14   18   14    3   12   12    8   16    3    6    7    3    3   18    8
   17    2    9    5   17   13   15   17    6   13   13    0    0    7   11
   20    8   12   17    8    4    5    2   19   11   13    8    8    7    6
   15   19    2   15   20    8    2    8   13    3   12   19   18   13    6
   15   10    0   18    5   11    4   12   10    9   10   15   18    4    5
    5    2    0    6   14   14   20   10   13   15   16    2    2   20   20
   10    6    8   12    8    7    5   20    0    0    6   15    7   11   15
    0    1    5   12   20   13    2   10    9    0   18   19   18    3    3
    8    4    9    2   14   10   16   10   20    2    2   13    9    3    0

