  65  0    0   PROB652.txt    L    L    W
  98   92  101   98   94  102   95  106  100  104   98   99  105  103   96  104  101  100  101  106   96   96   90  114   96  107  101  101  105   96  104  104   95   91   91  101  104  104  107   98   99   92  102   95  105  105   91  101  107  104  101   99   93   96   91  102   99   93   94   97  102   96   98   99   90 
2666 2771 2861 3015 3097 3413 3683 3748 3750 3993 4037 4068 4071 4089 4221 4494 4569 4864 4959 5097 5213 5511 5585 5993 6072 6095 6193 6313 6338 6339 6372 6400 6407 6470 6488 6547 6720 6734 6764 6842 6856 6864 7012 7154 7222 7252 7432 7466 7668 7816 7851 7949 7950 7977 8269 8404 8410 8454 8493 8531 8588 8619 8802 8918 8936 
  18   10   11    5    2   17   19    2    5   13    3   15   13    6   16   12   16   13    6    8   13   16    2    6    4   18    8    7    4   20    7   15    5   14    5    7    3   10   14    8   15   12   17   10   17    3   11    1    9    3    7   15   12    9    6    5    8    5    5    7    0   16   16    5   17 
   0    1   14   19    5    9   11    1   16    3   20   13   19    8   12   13   19   18    1    4   15    8   14    7   16   11    3    5   18    5   19   15    7    8   18    8   17   14    1   16    4   14    8    4   18    7    9    2    0   10    1    5    7    2    6    1    6   16   17   17    4   15   16   15    3 
   7    0   16    4    2    2   19   16    9    8   13   19    3   18    4   15    2   10    1    1   13    7   16   11   13    4   12    5    7   20    9   13    9   14   18   11   17   13   12   12    5    1    2   17    8    8    3    3    9   19    8    1   12   15    2    5   17    1    7    9   16   15   19    6   19 
  20   19    0    7    2    2   13    4   15   10    3   11   11   13   13   13   18   10   13   15    2   12    4    4   16   17   19   13   10    5    3   11    9   12   14    7   13   20    0    6    7   18    2   18    1    6    5   13   12   19   11    5   11    4    4   11    6   16   13    9   15   20   13   12    1 
   1    6   17    0    0   14   16    0    4   16   11   15    7    9   13    9   18   13   12   19    1    2   17   12   17    5    6    5    9   16    1   17   17   11    8   12    2   16   18    8    7   19    7   15   12    5   15    9   18    4   12   16    6   14    4    6   12    3    9   16   13    3    6   13    0 
   1   13   10    7    0   19    9    1    4    4    3   16    3    8   14    0   12   10    4   12   17   14    7   14   12   15    8    6   15   11    3    1   12   13    8    4   12    6   12    5   18   10    5    5    6   15    2   13   13   13   19   11    8    9    2   11   12   18    2   19    1    6   19   18    7 
  16   13    3   10    9    0   12    3   17    9    0    3    9   10   15    4   19    9    1    6   16    4   14   16   11    4   13    5   18   11   20   12   18    3   19    7    0   12   16   15    7    7   15   17   16   10   14   12    9   15    5    7    2   15   12   16    2    2    5   18    2    9    3    1   18 
  13   10    3   11    3   12    0    2   13   20   19   12   16    6    7   14    9    9   10   15    7   11   17   15    7    6    1    6   16   14   11    4    6    2    3   16    5    9   12    1    5   17   12    6   16   17    5    8    0    2   14    5   16   18   18   11   11    1    7    8   17    7    7   11   20 
  19   11   12    4    1    7   17    0    3    8   18   19    2    6   15    6    0   17    4    9   20   18    8   12    9   19    1   13    8   16   19    7   15   10   15   15   17   14    2    6    9    9   19    9    5   17    4    0    1   19    5   19    0    6    1    8    3   10    5    3    9   12   14    9    4 
   5    5   19    6    6    4    4    2    0   13    9   17    9    9    6    6   19    2    6    4    9    0    1   11    2   16    5   12   15   12    4    5    0    3    8   17   12    6    4   18   13   15    1    2   19   13    2    3   16   13    1   12   10   13   16   13   10   18   12    9    9   13   20    3    0 
   9   19   18   17    9   17   13   13    9    0   10   11    4   20    1   11   14   20    9    6    4    1    5   18    8   18    1    5    2   20    4   11    8   17   14    2   11   17   13   13   16   11    1   10   18    1   16    5    6    7   14    9   13    5   17   19   15   13   17   17   14   17    1   18    6 
  17   11    1    5    0   20    7    2    0    5    0   17    3    6   17    9   16    8    7   18    3   10   18   20    5   15    5    9    1    8    7    9    1   14    5    2    7    8    0   11    3   18    9    8   14   14    9    6    6    9    4   12   10    4   10   13    1    4   17   13   11    6    3    4   16 
   7    0    8   19    8    8   13    8   10   11    6    0    7    3    1    7   17   18    6    4   10    1   18    3    0    2   20    1   19   15    3    0   12    7    9    2    4   16   13    3   15    4   14    6   15   19    0   12    8    3    6    9   13    5   11   14    9   17    9   17   14    7   17   19   11 
   3    2    5   12   19    8   15   19    3   19    8   13    0   10    8   18    8   15    7   12    8   17   13    5    5    6   17    3    8   18    5    5   19    6   16    4    3    3    7   16    7   15    5    0    8   20    4    4   17   14    6    2    7   14   18   13   11    5   13    3    5    2   17   14    2 
  13   11    7    4   17   19   11   20    4    8   20    6   19    0   19   11   20   17   11    8   12    3    5    9    4   10   13    5    4    6   17   16   13    6   20    9    2   11   15   13   13    4   19   17    1    5   18    5    4   12   19    8   12    2    4   16   10    5   17   17    3    5   12   18   13 
   1   16   16   18    0   10    0   17   11    8    3   19   12   12    0   18    6    4   13    6    5    1   16   15    8    3    9   16    1   16    0   15   16    5   10    0   20    6    4   16    2    3    8    7    5   13    8    7   19   14    2   19    1   16   15   19    3    5   10    7    4    5   12   19   17 
   7   10   12    4    4    9   18   20    4   17    3   14   12    4   13    0   15    1    7   15   17    9    6    4   18    8   15   14   15   17    1   13   19    3   11    1   12    7   17    2   12   12    4   17   19   13   17    8    4    8   17   13    4   16    9    1    2   13    7   18   19   14   13   12   11 
   8    4    1    8   14   13   20   16   20   11    1    2    7   13   15   13    0    7   17    4   20    8   15    2   14    7   11   12   17    5    9    7   12   12    8   19   13   14   14    7    4    4   20   10   12   15    2    9   12    9    5   13   11    6    0    6    2    2   17    5   16    3    0    6   15 
   6    7    0   10   12    2    1    9    6   16   10   12   12    2   12   17    4    0   16    4   17    3    7    7    1    6   10   17    8    4   19    6    9   19   18   19    8   11   17    1    3   18    7    3    9   11   16    5    6    4    9   18   19    4    2   19   14   16   18   18   20    3   13    4   14 
   3    5   17    9    3   19    6   19    4    6   19    8    6    9    6   19    4   14    0   16   16   11    9   14   15   18   16   14    0   10   19    8   17    5    6    8   11   14   10    3    0   12    8    8    8   15   20    2    6    5    1    0    3   19    8   12   17   19    3    1    4    2   10    9   15 
  10   17    5    3   15   18    3   19    8   14    4    2    9   17    1   19    3   15   10    0   14    8    5    3    9    3   12    5   18    9    5   11    1    2    7   18   16   18   11    0   17   14    8   14    2   18   17   10   19    6   10   12   10    1    9    3   15   18   10   16    2   15   17   14   10 
   0    6    9   19   17   18   14   19    4    8   13   19   13    2    3   12   19   11    8    4    0    2   16    1    6   17   12   10    0   18   13   14   17    2    0    7    1   19   17   14   14   10   12   18    4   17    1   13    7   12   11   16   12    2    5   14   18   12   13   13    5   10   15    3    1 
   1   11    8   19    8   13    4    6   15    5   13    1   18    3   18    7   16    8   12   16   13    0   17    2    9   19   15    1    9    3   14    8   16   12   14   18    4   14    5    3    0   11   10    7   11    8   14    1   14    4    0    2   15   19   14    1   20   16   15   11    3   19   13   18    6 
   6    1    6    3    1   15   19    1   10   10   14   13   11   19   19    5   12   14    5   14   12    6    0   12    9    7    6    9    3   17   16   17   11   10   13    6    1   12    5    9    6    9    4   14    6   16   12   12    1   11   18   16    4   14   10   11    9   17    9   18   12   10   15    1   15 
   4    6   16   10   10    7   11    5   14    9   14    4    1   20    6   12   13   15    7   17   20    2   16    0    6   13   11    1    6    9   17    1   12   15   14   12    6    7   13   16    9   13    6   14   16    7    4   18    4    9   17    5    1   14    6    5   10    1    0    4    7    1   11    4    7 
  10    7   17   11    0   14   11   12    9   13    3   14    1   10    5   14   17   17    7   17    3   16   14   18    0   12   12    5   17   14   12    4   19   19    4    0    0   12    5   13    0   11   16   16   18   14   13   17   12   17   12    5    6   14   18   12   13    2   12    2   10    6    4    5   14 
  20    2    5   13    1   15   18    1    8   16   13   17   13   14   10   10   13   16    2   11   10   20   11   14   18    0    7   18   12   15   14    5   18    3   15    3   12    2    7   15    1    3    5    4   11   12   15    6   19    2    2    5    6    8    5   15   19   16   20    2    2   11   19    1    4 
  11    2    6   12    9   11   17    1   15   19    9   17    6   18   17   12    1    1    7    4   11    0   10   16    6    8    0   16   11   14   16   11   17   15   16    5    1    0   12    9    8   13    8    8    5    7   18   11   13   13   13   20    1   16    5   12    2    9    0   19    6   15   18   14   18 
   2    2   10    9   15   15   19   17   15    1    8   13   17    6   14    5    9   15    7   14    6   14    1    1    9    7    1    0    2    2    8   20    9    8    5    2   10   12   16   12    0   16    6    7    7   18    5   11    3    0   17    8   18    3    8    0    3   14    2   15    2   17    9   17    4 
  13    4   17   17   19   15    3   13    5   18   14   16   10    5   15    4    9   14    3   13    8   10   12   16   13    4   17    2    0   18   10   12   11   15    9   18    0    6   18    8    3    7   16   13    1    0    6    2   19    4    3    8   16   17    7    1   17    1    9   16   14   13   10   17   12 
   6   20   11   14    7    2    7   14    3    9    7    8   16    4    8    3    5   15   11    3    8   15    1    8    8    9    0    1   18    0    2    1   19   11    8    6   10   17    3    6    1   19   11    9   19   14    8    8   13    8    7   15   16    3    7    9   11    5   17   11   16    4   12   19   14 
   9   16   13   16    4   18   10    4    6    4    2    1   10    9   18    3   14   14   10    3   15   20   12    0   18   11   17   12   16    6    0    8    3   13    4    1    2   20    7    2    4    9    6   10   13   19   11    3    8    4   16    5   14    9   13   13    3   11   15   12    9    6   18   14    2 
  15   15   11    8    9   18    9   19   11    1    1   15    2    0   19    7    2   10    9   20   14   13   13    7   11   17    5   13   11   18   19    0    9   14    1   14   15   14    9    8    1    5    6   11    3   16   14   13   10    1   12   11    2   19   12   10    8   18   20    3    1    1   12   20   17 
   1    3   14   13    9    9    3   14   17    2    7    4    1    7    8    1    6    5    2   10    3    6    4    4   12    8    4   12    4   13   14   15    0   15   17   10    1    5    9    7   19    5   16    9   16   14   18    3   15    7    9    4    1   18   16    4   16    4    7    4    0    1    9   15   19 
   9   10    3   16   19    2    4    9   14   18   18   16    7   14   19    6   13    1   19   16   19    4   17    4    0   12   10   16   14    8   19   19   11    0   14    5   20   12   11    9   10    3   13   10   15    5    5   10    7    9   19   17    6   18   18   13   13    7    6   16    2    1    7    1   14 
   8   19    1    2    2   18    0   14    7   13    5    3    8   11    5    4   19   17   16    2    3    4   17    1    7    8   17   14   18   12   17    5   17   19    0    7    7    1    3    9   14   17    2   13   19    3    2   12   17   16   12   17   16   16   13    3   14    6   14   16   14   18    6    2    5 
   7   10    4   16   18   18    0   16    2   16    5   18   18    1   10    5    6    8    7    7    2   19   19    1   15   14    9    4    8   18   16    9    3   19    6    0   12    9   15   13    5   19   12    9    9   12    8    4    8   15   15   18   10   10   12    5    5    3   11    8   16   15    8    3   17 
  12   16    2   11   16   20   12    2   18    7   18    3   17   10   12   12    5   12    3   14    5    5   14    6   19   19    8   10    7   11   20    8   10    1   19    4    0    6   10    9   16   18   12    1    7    8    5   15   19   12   13   13    1    4    2    9   17    3   10   14   15    9    9    4    2 
  15    1    7   12    3    8   18    8   10    4   18    3    8   18    6    2   19    6    8   15   16   10    1    8   11    2    3   13   18   19    1   19    0    0   19    7    5    0    3   10    4    8    2   18    6    2    0    5    2   18    6    6    9   10   11   17    8   13   10    1    6   15    7    1    3 
   2    3   10    5    2   17    7   17    1   16   13   12    7    4    2   16   14   17   12   14   18    4    5   15   18   19   11   12    1   16   10   18    3    7    5   20    3   10    0    5    2   17    0    5   20   12   15    5   14   15   13    2    1    7    7   10   12    8    8    8   18   12   14    5   15 
   2   16    7   17   12    1   19   15   17    4   16    6    8   10   16   10   19    7    5   11    5   16    7   16   12    2   14    5    9    9   13    2    3    9    4    6   14    9    5    0   20   16   10    9    5   19    6    7   10   14   20   11    0   17   17   10   18   19    6   20   10   12   14   19   10 
   6   13   20    2   20    9    1    5    1   19   10    5   19   17    3   16   13    2    9   17   14    8    0    5   11    9   16    4    9    9   17    6   13   16   17    5   17   11   13    7    0   12    6   18   12   16    8    7    6    9    3   17    2    3   13   11    2   19    7   14   10    6   17   18   16 
  15    3   10   20    8   15   12   12    5   16    4    5    1    6   17   11    1   16    0   15    3    0    4    7    5    4    8    9   16   13   19   19   17   11    1    5   14    5    2   18    8    0   14   11   11   13    5   10   18    1    8    1    6   13    7    9    8   13    5    8    1   14    3    9    8 
   4    4    3   20    2   11   12    1    7    4    9   15   19   14    3    3   19   20    2    5   10   18    5   18    2   13   11    7   20   11   12   17   10    1   18   12    8   10   11   18   11    2    0    9    4   10   13    1   18   12   18   10    7    9   18    1   14    9   11    8    4    7   15   13    7 
  17   14   14    8    2   19    2   12    4   18   14    4    5    0   16   14    4    2    7    8    5    5    9   11   17    3    2   12   18    3    8   18   12    5    7   11    5   12   10   15   16   12   17    0   13    7   17   10   11    4    2   16    6   12   10   12   14   10   16    4   16    5   15   18    7 
   4    6    7   11   16    7    4   12    3   14   11   14   16   12   18    8    8   12   19    5   13    1   15    3   18    3   10   18    7    9    6    3   18    6   10    4    8   13   20   15   17    5   11    9    0   11   18   10   13   16    7   11   17   13   14   17   20    3   16    2   18    5   10   18    9 
  15   16    5   13   18    2   19    2   18   12    7   11    7   17   11   15    6   12    5   19    6    3   18   13    1   18   14    6    1    7   11   15    0    6    9    9    5    6    3   14    8   14   18    2   12    0    3    5   11   11    3    6   12   12   17    1   11    8    2   18   18    1   18   10    5 
  20    2    3    6    8    0   15   14    7   18    8    3   18   17    8   18    2   15   16   17   10   15   11   10    7   17    3   14    3   16    2    8    3    7   12    6   19    9   10    5   17    6   11   15   15    5    0    9    6    4   17   15    4   20   18    4   11   16   12   14   14   20   13    6    4 
  19    4    2   11   18    9   15   19    5   17    6   16   17   11    5    8   10    6   14   16   11    0    7   10    0   11    1   19    4    5   11   13   10   18    2   10    5   11    3    5    3    9   17   10    0    1   20    0    5   12   14   10   15    3   16    4   13   13   20   16    1    9   12    4    3 
   1    6    4   18   16   18   17   11   12    9   10    3   19    7   13   14   14    3    5    8   14   17    8    3    5   19    5    5   18   16   11   16   13    5   15   12   13   12   10    4   12    5   18   14    9   16   19   17    0    6   18   17    9    2    8    3   19    5   19    7   14    4   15    2    3 
   2    6   12   13    6   13    3   14    9    3   17    8   11    7   10    8   14    6   15    9   10    5    9    5   11   16   16   19   15   18    6    9   11   14   13   14    6    8   10    3    7    4   18    9   15   15    0   10   13    0    7   18    5   12    2   14    6    2    3    9    5    3   11    3   19 
  19   17   20    6    7   14    5    6    5    1    0    7    5   11    5    1   14    4    8   18   12    8   17    5   12   17   13    6   18    9    2    1   14   16   19    6   19    6    7   17   19   10    5    2   19   18    3    4   14    9    0    9    6   14    6    3    7    4   19    6   13   11   19    9   12 
  13    4   13    3    2   16    9    8    7    2   12    5   12    4    4    9   13   20    2    4   13   12   15   18   13    7   11    2   17   13    1    4   16   16   18   11    3   18   14    1   12    7    5   11   17   20   11    1   15    9    8    0    3    7    1    2    8   15    1    0    5   16   11   18    7 
  17    2    9   11    0    8   13    7    7    5   11   14   10    8   14    3   16    5   19    5    4   19    4   16   15   16    6    6    8    3    1   12   19   10   14   15   11    4   10   11    9   16   19   13    8   10    8   18   17   17    3    3    0   11   19   19   14    9    2    4    2   10   16   10   16 
  17   18    7   18    0    3    2   12   14   13    3   14    3    0    4   16   15    3    7   16   19    6    0   16   13   11   19   19    1    5    6    8   20    4    4    9   15   13   18   12   14   14    4    0    5    7   18   19   17   15    9   17    8    0    3   17   16    0    3   11   14    8   18    2    5 
   9    5   13    8    7   15   18    8    6   11    9    4    2    6    1    7    6    8   12    4    4    8   12    1    0    3    1   19    3    9    7    6    2   14   19    1    1   10   19    3   14   13   14    2   15    2   19   16   17    3   16   13   15   15    0   10    4    0    1   16    4   13    1    0    5 
   1   16   18   18   17   14    3    7   13   17   11   17    8   19    1    2    2    3    6    2    3   12    0    6   10   16    0    4   13    4   14   14   16   12    2   10   10    1   10   19    8   12   15   15   18    9    5    7   12    7   12    5   12    0    6    0    2   18   16   15    1    5   19   16   18 
  19    1   16    2   11    1    2   10    2    9   12   13    4   19   12    8    4    4   11   18    9   19    4   18   10   18    5   18   14   14   12    6    6    2    3    5   12   10   16    3    1    0   13    2    3   20    7    7    9   15   17   18    8    4    4   17    0   16    1   14   11    5   14    5    3 
  15    5    9    6    7   20    8   14    7   16    7   12   11   19   11   17    0    7    8    3    8   13    9   15    8    7    7   16    2   11    3    1   10    5    5   11   20   17   17   15    0    0   15    2    2    5    6    4   17   11    1   13    9    1    0    6    6    0    7   19    5   19   14   12    1 
  13    3    1   12   14   19    8    1    2    3    8   11   15    0    7    4    8   13   16    5   20   10    6   11   15   10   14   18   12   14    6    1    8    9    5    4   19   13    9    3   15   20   11   19   13    8    1   20    7   14    1   10    5   12   11   19   15    2    0   12   14    3   15    6   14 
  13    5   12    4   17    4   10   11   20   18   17   14    9    4    6    1   19   17   13   14   13    5   14   20   19   16    6    2    8   12   14    7   19    1   10    4    0    8    0   20    8    0    1    7    2   12    7   14   16    3    2    8   16    6   13    4    5   18    4    0   16    7    3    8   13 
   8    7   15    5    7    0    8   19   15   14   15   16    4    7   15   16   18   18   12   16   18    6   18   14   17   18   12    0   15   13    6   20   15   11   18   11   18   10    0   15    5    5   11   19   16   11    4    9   15    3   10    3   20   13   10    8   15    4   12   19    0    7   18    3    8 
   5   15    8    8    0    1    8   18   11    4    6    8    8    6    2    0   13   13    1   17    6    9   19   16    8   17   12   18    7    9    5    7    7   12    4   12   14    9   20    6   13   12   16   16    7   16    2   17   20   13    8    7    7   18    7   12   19    8    6   19   20    0    8    8   14 
  18   18   20    5    5    0    8    1   10    9    0   18   14   15    5   14    4   15   17   13   20    2   17   16   19    9    7   11    9   12    1   20    4    3    8   20    3    8    8   11    2   13   20   15   11    7   16    1    4    9    5    9   14    3   14    2   18   15   13    9    6   16    0   12    5 
   9    4   15   19   12   15    4    8   18   13   10    4    2    1    4   14   11   20   14    0   18    9    8    4    0   14    4    1    1    7   18   16   17    7    0    5   10    2   10   19   18    0    0   17    4    3    1   17   13   19   18   13    3   14   11   11    8    4    7   18    3   18   19    0    4 
   5   15    9    7    9    4   18   12    1    2    5   14    2    9   20    5   12    0    7    5    7   14    3    2   17   10    8   20   19   15   13   19   18   12    0   19    2    7    4    3   16   14    8   15   13   20   10    8   17   16   12   18    8    8   20   13    9    9   11    7   18    1    8    8    0 
