  75  0    0   PROB756.txt    H    L    W
 101  102   76  122  127   84  121  153   97   84   77  121  115   78   58   87   97   91  106   71   97   70   46  152   82  114   92  126   97  114  111  119  124  108  110  101  128   97  106   95  124  158   56   65  147  133   80   92  121   84   77   91   99  111   94  144  116   95   98  133   95   81  123  130  120   97   76   78   96   97   73   97  110   82   77 
2900 2932 2934 3021 3203 3300 3370 3406 3494 3612 3617 3631 3674 4034 4115 4124 4208 4271 4560 4663 4712 4739 4750 4779 4889 4920 4983 4988 5011 5071 5090 5205 5230 5265 5315 5344 5545 5581 5591 5653 5660 5873 5922 5943 6106 6131 6510 6603 6745 6854 7123 7289 7293 7497 7705 7866 7871 8096 8185 8519 8607 8687 8723 8889 9029 9079 9094 9113 9238 9305 9431 9465 9669 9992 10258 
  14    0    9   12   18   10    2    4   11   17   15   10    5    4   11    3   15    6    7    2   15   16    2    9    9   13    4    5   17    8    9   13   11   19   11   14    5    4    4   15   12   16    5    9   13    1   14    1   16    6   18    1    8    7    7    8    2    4    6   10    9    8   19    8    8   13    5   11    1   13    1   12   12    5   14 
   0    1   18    7    4   17    0   10   17   13    1    4   13   18    2    8    0   11   17    1    9   12   13    5   19    5   11    5    1    3   18    1    4    1   19   10    4   12   17    5    6   12   18   16   15   11   15   16    1   16    1   19    8   14   12   16    2   16   11   18    5   11    6    9    0   18   17   20    4    0    8    1    8   10   19 
  12    0   10    8   20   11    8   12   14    6   11   14   14    7   14   10    8    7   18   16    2    6    5   17   11   16    7   16    6    6   13    5   11   17    0   20    9    4    1   19    5   14    6    8   12    3   19    7   12    9    1   13    7   16    5   17   16   19    1    7    2    8    6   20   18   12    1    9   18    7   18   17    8   13    5 
   7   11    0   11   19   16   11   14   17   15    1   13    5    5    4   19   13    5    4   14    9    7   11    8   10    4    2   14   18   17   11    1   15   10   13   12   10   12   15    4    4   19    3   13    1    7    9    0   17    1   11    2   19   20   17   12   11    6    4   13    1    4    7   14   18   15    8    1   20   19   19   14   10   15   19 
   1   17    8    0   11    3   12    9   19   18    5   16   18    2    6    1   11   19   20    8    6   13   10   18    1   14    7    2    2    4    2    2    1   17   11   18    2    5   11    1    9   17    0   10    8    4   11   19   12   16   12   10    6    1    9   13   13   19   11   20    4   12    1   18    9   14   19    5   10    3    3   16   19    7   10 
  19   19   18    7    0   14    9    5   19    8    9   20    8   19   20   15   10    7   19   18    4   10   16   10   17   16    3    7    4   17    0    6    7    2    1    6   20    0    3    4    8   11   12    2    2    2    7   10    7   16    5   18   17    2    0    2   17    9   18   16    3   10   12   11   11    4    6    2   19    8   18    9    2    1   11 
   9   18    3   11   17    0   12    5   13    2    9   17   10    0   19    7   14   11    6   18   11   12    7    2   10   14    5    4   19   12    8   15    7    3    6    3    1    1    9   12   15    3    9    6    7    7    6   16   17   14   13   17    4    7   11   17   10   17    6    3   11    1    6   16   14    9   15   16   19    4   18   18   20   14    9 
   1    4    8   11   18   17    0   19    7   13   13    7   12    4   17   20    8    0   19   16   17    3   10   11    6   12    6    4    7    6    6    7    6    9    5    4   12   16   19   13   10    9    7    4    8   18   16    3    5   18    5    5    4   17    6   20   10   12   19    8    2   14    3    9   16    8    7   17    4   10   10    3    7   13    4 
   5    1   18    9    4    9   16    0    3   11   13   20    5    5   18   11    8    3    9    4   14   20    6   11   10    5    7   12   20    4   12   18   11    3   16    8    1    9    1    8    8   19    2   19   11   12   14   13   13    6   18   19   10   15    5    5    8   15    9   10   12    4    0    2   14    3    4   15    2    5   19   10    1   15    7 
  16    3   11   16   11   13    3   11    0   16   13    4    5   18   19   11   12   11   16    2   10    6    7   19    9    6    8   14    9    9   13    2    5    6    6    5   14    8    3   19   14    0   15    1   18   17    8   18   11    5    8    7   11   10   17   19    3    2    1    8   11    5   12   17    6    5    1   11    6   17   12   18    9    3   15 
  12   17    5    2   11    3    5   11   14    0    7   13    8    3    9   17   19   11    6   20   13    2    5    2   12   13   12   11    7    7   12   18   10    6    7    5    3   10    3   15   10   20   12    9    8   10   16    4    6   11   17    9    3    3   14   17   12   19    1   20    6   13    9    0    5   18   14    9   19   15    9   15    9    4   17 
  18    8   17    5   18    2    3    5   20   14    0   16   14    6    7    9   14    0    2    4   11    6   14    2   11   17    7   15    5   13    0    8    8   18   14    6    9    2    9    4   19    7    4   19    5   13    0   13    4   15    6   16   10    1    6   13   18    8    0   13    3   12   14    6    4   10    3   18   16   14   20   14   19   13    1 
  11    1    3   19    9   19   19    8   16    8   14    0   13   19   16   10   15    5    3   11    8    8    1    1   13   13    8   13   18   19   18   13   17   17   13    4    6    5    7    7    7    8    6    3   14   13   19   19   13   11   12   17    6   18    9   18   12    3   10   19    6    6    1    8    5    7    6   15    8    1   12   16   18    5   19 
  16   14    5    4   11   20    3   13   15    7    9   16    0    7    2    3   14   14   13   11   18    5    9   15   10   15    8   12    3   12    4    9   18   16    5   16   16    9    3    6    9   15   12    6    4   19   15   10    5    2   18   13   18    2    2   20    6    4   18    9    7    1    5   14    5    7   10    8    6   13   16   20    1    8   16 
   6    5    1    3   11    7   15    8    3   10    7    5    8    0    4    4    6    4    8   14    5    2    0    5    9   19    7    8   12   12   18    4    6    9   16   13    1    6    4   14   11   18    9    0   16   11    2   13    8    3    4   15   15    4   15    1   19   16    3    5    7    2   15   17   19   17   15    9   18   15    7   16   18    9   15 
  10    7   10   20    9    5    8   13   18   13   14   16   14   13    0   17   17   17   10    3   15   20    5    2    4   14   16    3   20    0   17   16    0   12   11   13   13   10   14    8    8    5    3   11    9   16    9    3   15    2   16   20    9    7    1   11    1   20    3    1   17    5   17    1   16   10    8   14    4   16   14   12   19   17   15 
  15   15    8    7   16   10   11   15    2   12    2    8    6   17    4    0   12    5   13   11    0    7    8   13   10   14    2   12    1    0   11   18    8   10    1   15   11   16   18    6   19   10    9    5   19    1   14    3   15   11   17    2    5    1    1   16    4   15    7    8   17    9    7   13   16   18   19   15    3    9    7    3   15    8   14 
   3   17   10   12    6   11    6    4   20    5    9   11    8   13   13   15    0   15   16    4    9    8    7    0   12    9    5   11    1   12    5    7    6   13   17    2   11    9    7   13   17   11    5    8   18   12   12   12    3    0    2   18    2    1   16   15   16    5    2    8   13    5   20    1   15   12    4    4   17    2    1   16   10   16    2 
  12   14    8   12    7   10    8    1    2   20   15    6    7    1    6    1    5    0    5    4   10    2   11    5   15    9   10   18   16   19   10   16    7    4    5   11   11   13    4   18    9   18   18    8   12    4   11    2   18   12   20    9   13   16   13    5   10    3   16   17   13   10    5    4    8   13    3    2   18    2    3    8    7    1    1 
  17   19    9   16   10    8    1   10    1   11   19   16    1    4    2   10    2   16    0   14    5   15    8   16   14    7   20   12    1    5    4    0   18    9   19   18    7    6   10   13    3    6    5    6    3    7    2    6    3    8   17   10   19   20   12   13   14   17    5    7   15    6    9   19   18   17    7   15    2   11    8    2   15    6    5 
  18   11    8    3    5   20    4    3    4    9   17    9    1    6   10    9   14    2   14    0    5   15   10    5    6    1    8    3    4   14    0    3    1   16   14   18   12   16   15   11   11   18   14    2   19    8   13   19   12    5   10    2   11   11    9   12    8   14   13    2    3   12    0   17   11    2   10    7   17    1    1    6    4   10    2 
  12    3   18   15   13    6   16   13    1   15   14    7   10    1   11    5   12   16   19    1    0   15    4   19   20   17   14   17   17   17   14    2    0    4    7    5    6   16    3   18    6    1    0    9    5    3    5   16   17   17    1    1   13   12    8   19   16   12   18   10   18    3   15    3    7    9    5   19    6    8    3   19    3   18   12 
  13    8   13   10    1    2   16    0   19    2    9   13   10    2   10    3   20    5   18    6    0    0   18   18   14   15    1    4   10   10    1   19   12   14   12    2    7   10   17   16    0   18    6    9    8   15    3    8   19    1   16   16   19    7   10    9    8    9    4    7   19   15    8   15    8   20   18   17    7    4   19    5   10   11   10 
  15    6    2    6   14   13   11   12   18   10   16   17   16    6   20   15    4   13   11    5    3    1    0   13   14    1    5   17   18   17    3    2    6   15   17    4   14    2    5    2    8   14   12    6   16   11   10    4   18   20    4    1   11   18    9   17   14   17   14    2    4   13   10    9    6    5    5    4    2   15   16    0    1   18   11 
  19   19   13   18   11    5    1    8   13   14    4    8   11   17   13   10   19   10   14    1   13   10    3    0   19    3   17    1    5   15   17    7   16   15    2   18    4   12   18    4    1   13   12    3   15    9   12   12   10   16   15    3    2    7   14   19    7    7    4    3   10    8   15   13   10   10   12   15    5   16    9    5   11   18   12 
  12   12   13    7   18   10    2   18   13   17   14    1   19   13    9    8    8   14    2    2    1    9    4   20    0    4    7   12   12   15    2    5   18    3   15   17    5   10    3    6    5   10    3    4   18    5   13    9    5   13   19   18    3   18   17    4   17    1    8    1   14   10    7    4    8   10    5   11    8   18   10    4    4   20   17 
   1    6   18    9    3    9    5    2    9    9   17    3    9    6    7   10    7   10   17    1   16   13   16   11    2    0   17   11    2   11   19    7   10    0   12   12   19   16    6   18    8    8   19   14   17   19    5   19    2    9    4   17    2    7    3    6   16    1    2   11    9    2    9    1    3   10   11    6   17   10   16   12   19    9   16 
  17   18   13    5   10   12    7    3   18   12   11   15    0    3   19    7   12    2    5    1   15   13   11    6   19   11    0   11   13   12    0   13   19    2   19   11   11    5   10   14   10   12    6   14    9    1    8    1   12   16    3   18   16    9    8   13    7    8    7   11   12    3    7   10   18    3    2   13    2    2   13   18    8    0    1 
   5    9   18   18    6    5   12   14   12    6   19   17   12   13    6   13   15    0    0   16    3   15   16    0   15   12    6    0    5   13    7    7   12   17    8   20    2    2   13    7    6   16    8    2   10    6   18   15    1   11   15   12    5    2    1    8   10    5   16    9    8   11   17   18   18   12   14    3    1   10    3    9   13    9   19 
  14   19    0   10   14    9   18   10   18    1   11   20   12    0   14    9   16    7   16    5   16    9   14    6   16   14   14   12    0   16   19   13   17   15   19   18   18   19   19   13   18   13    9   17   13    1    5   19   14    6    8    1    2    9    6    1    6    6   15   11    9   10   13    8    0    1   11   14   16   11   11    2   13   19   20 
   1    7   15   15   20    6   16   16    8    4    3   11    6   20   16   10   13    7   18    8    2    5    4   10    0    4    5   14    2    0   12    5    1    3   16   12    0   19   11   11   19   15   18   14   13    2   19   12   15   14   15   15    8   19   16   19   14   19    2    8    4   12   19    1   10    4   10   16   10   12   12   14    3    9   18 
   3    6   19    6   13   17    7    5   13   18    2   17    7    3    6    3   16    9   16    3    1    6    8   11   20   14   14    4   12   19    0   10    6   12   12    3   18    1   13    4   16    3   20   10    7   11    9    9    3    6   13    4   16    5    7    4    6   17    0   20   18    2   12    2   12    8    6   12   13   12   18   16    7   10    9 
   3    1   11    1    2   14   10    2   15   13   11    5    5    9    1   17   14   11   17   12   18   12    1    2    8   16   19   19   17    3    5    0   11   18   11   16    5   17    5   18    5   14    8    4   19   16    4   20   10   18    3   20    7    1    2    0    3    4   13    6   14    9   11   13   12   12   12   13   18   19    2   17   18    1    2 
  15    3    5    4   11   14   12   12   10   16   13   11    2    5   11    6    7    2    6    9    5   12    3    6   15    5   12    2   14   16    9    4    0    3    5   16    6   19   12    8    3   12    3   18    4   17    7   15   20    8    2   19    5    1    1   19    9    8    7   10    1   11   12    7    3   15   17   13    4    2    3    9    4    4   10 
  18    7   15   17    1    0   10    1   17   14   14   18   11    6   12   19    3   11   16   19    6   18    8   14    6   18    5   19    5    0    1   13   15    0   13    6    4   15   13   15   18    2   12   16   12    2   19    1    3   17   15   16   20    1   17   20    3    8   19   19   18    4    9   12    1   19   20   11   10    6   16   10   14    9    0 
   2    7   16   12   11    1    9   11    7   10   18   11   11   11    3   15    8    5   11    0   10   16    0   18    9    6   10    6    2   15    4   10   10   14    0   18    7   14   16   18    9    0    5    8   14   14    1   14   19   14    3    2   12    6    4    8   14    3   17    2   19   10    4   19    0    1   14   18    8   11    7    9    1   18   15 
  15    8   13    9   19    9    7    4    4    2    7    3    3   13   14   10   12    1    5   18    8    1   13   17   20   16    3   11   12   13   12   15   13    4    9    0    0    5   17    2   16    7    3   11   14   13   16   10   14   19    2   20    5    4    4   16    7   14   14   14    7   15   17    5    8    3   19   12   12   19   12    9   10   17    3 
  19    4   17    7    6   19   16    4   15    3   11    3    9    5    7   14    2   13   12    5   18    2   20   19    7   15    9   11    3   14    1    6   17   15    2    9    0    4    7   10   18   18    8   11    1   19   19   18    1    3    7   18    4    2   18    1   12   14   19    8    4    1   12   19   16    1    4    7   11    0   16   17   12   15    8 
   3    0   17   20   14   14    4   18   14    4   10   16   17    1    1    2    6   16    1    2   16    3   15   16    8   15    8    2    0    9    1   12    4   17    3   17   14    0    2    1   18   17   15    1   16   14   11   16    6    9    6    7   19    6    1    5    2    6   16   14   12   10   11    5   16    8    5    2   19   16   13    6   16   11   17 
  13    4    4    6    6   18   16    7    3   18   13    2   18    2    7    6   12    3    5    3    1    9   12    9    6   17    9   13    4   18   11    8    4    6    8   12    2    5    0   17    8   11    9   14   15    5   15    9    9    2   15    2   19   10   14    4    5    6    3   11   18   17   17    9   16    4   18    2    2    5    1    8    2    3   19 
  10   15    9    1    5    8   15    7   19    6   17    3   16   12   10   18   12   11    7    1   10    4   18   10   14   12    7    5   14    6    7    8   16   12   15    9    7    5    6    0    7   14    0    9   13    6    0   13   16   19    6   11   14   14    6   11    9    1   13   15    5    2    5   17   17   19    7   18   17    6   16   16    7    2    4 
   9    3    4   18    5   18   19   14    6   13    3    4   18   16    8   19    3   18   15    5   10    9    2   14    1    6    9    6   17    4   17    4    3   16    6   11   11    9    0   16    0    9    2    6   16    8   16   12    8    4   10    5    7    6    7    3    5   17    6   12    3   11   10   11   16   20   15   14    7   16   12   17    7   14   10 
   2   18    4   16   13    9   18   16    8    8   18   14    9   11    3   17   10   11    3    0    6   15    3   13   10    8   18   17    8    6   12    0    1    9    8    6   16   13   14    1    7    0    7    2    7   15    8   16   14    2    1   14    4   14   16    5   12    6   15   18   18   15   16   16   12    1    8    9    7    9    7   15    2    2   14 
   3   15    5    3    6   13    8   13    2   13    9    9   18   19   16   16   11    4    5   10   14   18   15   20   16    5   10   11   11    2   10   12    9   14    4   14    5   17   10   11    4   14    0   10   19   16    9   10   11    3    2    7   20    2    1    3    3    3   15    3    3    1   14   12    8    9   11   14    1   12   18   12    5    0   11 
  11   18   20   16   19    7   16    5   11   12    5   19    3   14    5    3   17    5    5    9   20    3    5   17    7   12    3   12   19   16   17   12    3    5   11    8    0    8    4    7   18    2    4    0   10   18    8    3    9   14    3   12   15   14   14    6    9    9   11   19    0   17    5   15   16   14    2   12    9   17   16   16   12   11   17 
  16    0   14    4    2   16    9   16   14   14   18    6   18    4   15   17   17   10   11   15   16    1   19    9   19   12   14   18   14    8   11   16   18   14    2   15   14   14   10   10    9    8   10   17    0    8    5   18   11    5   10   12   18   11   14   19   14   13   16    4   15   11    9   13    2   19   15   18   19    0   18   20    9    3   19 
   6    2    6    3   10   18   12   12   14    4   18   18    6    4   13   16    6   10   18   20   18   11    5    6    1   17   11   16    9    5    1   11   12    2   14    6    6    1   19    2   10    4   13    9   10    0    5    5    4    2   15   12   19   19   11    1    6   15    4    9    7    5   20   11    1    4   18    5   17   14    0   11    3   10    9 
   8    3   11   19    9   15   10   17    5   19   10   19    7    8    2   17    2   14    1   11   17   17   18   16   18   13   19   17   17   11   20   19   17   20   16   20   10    5    4   12   10    3   16   16    1   14    0    8    4   13   19    3    7   12    8   13   18   20    9   13    3    1   14   16   18    7   12    9    9   17   12   16    9   10   18 
  16    5    4    5   15    5    1    6   18   12   15   11    7    8    3    3    1    1   15   19   14   18   16    1    1    2    1   12   18   17   20    6   16    9   11    2   18   13   18    9   16    4    3   20    6    4    4    0   15    7    7    3    7    2    9    3    8    1    9   19   14   19    8   18    0    8    1    9   15    3   14   13    9    6   14 
   0    7   11    3   14   17    7    4   19    8   19   13   18   16   16   13    1   13   13    9    4   18    4   12   17    5    9    6    3    8    3    7   13   19    7   20   16   15   10    7    5   13   19    5    6    6   13   11    0   13    8   15    1    3    6   16    1    8    4    0    1   15   14    6   11   20    4    8   17   18   14    9    3   15   13 
  10    4   16   14    3   13    2    4   16   15   15   10   16   17    4    8    9   11   11   13   17    3   18    0    3    1    6    1   14   18   10   14   18    8   18   18   11    9   19   14   18    2   20   17   11   10   13   18   12    0   11   14    9   12   13   11   16    5    0    3    1   19   14   16   10   16   19    1    1   13   15   20    9    6    6 
  16   10    6   16   14   20    8    4    5   15   14   14   19   15   11    9   16    2    0    2   16   13    2    2   15    1    4    7   17   10    0   10    2   15   16   14   19    8   16   18   12    7   20    0    1    9   13    4    3    1    0   10   11    2    0    6    8    2   13    6   14    3    8   13   16    2   13    7   16    0   16   11   16    5   13 
   3    5    2   13    6   14   14   18   15   19    2    4    4    6   17    8   13    7    6    2    0    6   18   18   17   10   10    5    2   17    8   12    1    9   16    3   18    6   11    2   12    2    1    5    6   11    4    9   17    7   17    0    4    8    7   12    7    6   15   19    0    9   19   11    6    3   13    2    8    2   14    2   20    2    0 
  15   14    1    1   10   19   15   10   16   20    3   20    3   17   14    5   16   14    4    4   15   19   11   11    1   11   10   19   10   14    3    5    5    9   11   12    1   11    4   17    6   11   18    5    2   11    3   14   10    5   10   11    0   11    6    5   17    7    8   15    7   14   10   11    4    6   13    0    3   13   19    8   18    4    7 
   1    4   12    3    7   14   10   12   13   18    3   13   10   18    1   18    1   12   16   11   18    0   14   14   14   15   18   15   12   11   13   13    1    8    1    9   13    2    3   11    3    1    8    9   19    1    4    9   11   13   20   13   19    0   19   19    5    7    8    1   13    9   14    2   10   17    4   13   12    6   12    6   19   16    6 
   2   19   11   10   17   13   20    2    6    9   14    2   10    6    3   15   15   15    8   11    8    5   18    2   12   12   18   19   10   20    1   12   13   19    4    2    5    5    6    3    3   16    5   19    4   13    4    1    9    0   13   14   12   18    0    1    3    5    6    4   16    9    8    8   13    5    2    4    0   20   11    2   16   12   17 
   1   15    6    1    0    4    7   16   15    1   11    7    5    5   15    2    0    9   11    1    7    5   18   18   10   20    2   17   17    1   19   16   14   15    6    2   15   14   13   19   15   10    2    9   17   19   12   12   17   15   16   19   12    3    1    0   15    5   10   10    9   13    6    3    2   11   18    9   19    6   12   16   17   18    0 
  13    4    7   13    5    0   15   13   16   17   15   11    4    2    5   14    0   18   11    9    2    1    6   10   16   17   15   18    4   11   12    6    7   10   12    5    7    9    5   18   19    6   17    5    4   19   15   17    3    4   13   14   12    4    2   12    0    2   11    0   16   14    5   16    1    2    0    2    4   18   19    6   10   14    0 
  18    4   18   16   16   17    7    2   13   14   18   16   18    4   19   14    7    8    4   19   17   13    4   18    3   20   19    8   18    3    5    4    1    3   17   17   19    4   10   18    6    7    7    1    2    6    3   15    5    9    9   19    9    0    2   13    0    0   17   19   16    9   14    1    5    8    1   12    9   11   12    8    1   10   10 
   7    5   10   20   18   18   15   19   18    6    9    5   16    9    2   14   16    4   11    7   16   18   15   17    4    1   10   17   15   15   19    0    2    7    2    3   17    7   12   11   17   14    5   17   19   14   14    5   18   12    6   18    5    4    9   20   19    1    0    5    9   11   12    7    8   14    1    0   19   12   15    6    1   12    1 
   7   13    9   14    4    2   10    6   15   13    7    5    9   13   10    5   19   16    1    2   14    6   11    2    7    2   10    8   11    3   11   13    1   14   14    2   16    1   11   17   14    1    9    6   10    7    1    3    1    9    3    5    3   13   11   12    9   16   16    0   20    3   16    2    8   19   17   17    5    6   12   19   20   19    9 
   5   11    8   20   16   15   18    6   15    7    0    4   13    4    1    3    4    8    7    4   10   16    4   14   17    8    2   12    6   11    7    2    3    9   11    5   15    4   17    4    4   18   19    8    0   18   10    3    1    1    7    6    7   12    9   10    0   18   13   14    0   14    1    5   12    4   16    9   16   11    1    1    3    1   15 
  20    5   10    7    2   13    5    3    4    5    6   15   15    1    5   17    2   19    6    4    9    9    2   11   16   17   20    7    6    3   17   10    1   10    6    8    8   11   15   19   14   19    7    4   10   17   10   12    4    4   15   13    4    5   14   10    2    2   15   13   18    0    2    5   17   15    4    1    6   13    9    8    5   10    3 
   0    2   20   14    9   11    9    0   17   19   18   17   13   18   19    0   20    4    6    9   15   13   10   13    4   16    6   12   10   18    4    5   10    6    4   11   18   15   20    9   15   20   13   13    7    7   19    1    7   18    5    4   12    0    3   12    8   18    6   13    9    7    0    2   19    5    3   10    4   13   13    1   19    9    8 
   9    7    4   17    3   18    1   19   10    6   10   14    9   15   11   19    8   17   19   13    5   16   10    7   17   10    5    2    3   10   10    6   17   11   17   14   10   18    3   14    3    2   19   16    3   18   10   20   16   12   14   19    3   13   20    6   11   15   10   13   17    4    0    0   16    7    8   11    9   12    2   14   18    2    4 
  19    5    2    7   11    2    0    5    4    9   19   20   12    9   13   16    6   12    6   18    0    8    8   11   19    5    8    3    4    2    5    7    4   13    5   14    6   18   13   17   14   13   10    5   11    1   18    8   17    7   14   18   11    3   15   13    7    5   15   19    8   18    7   11    0   19   14    0    7    0    8    9   17    6   20 
  18   13   13   17   17   12   14   18   12   17   14   13   13   12   15    4   11    7    7   18    3    4    1    9   12    4   10   10   11    7    1    4    7    3    6   16   15   16   11   16   12    8   19   15    3   14    3    7    8    3    1    8   13   13   13    2   13   17   13   11    8    0   10    3   12    0   19   16    0    4   12    3    6    4    4 
   1   10   17   16   18    6   16   10    1   13   16   13   16    7   15    2    7   15   18    4   14   16   12    2   16    9    7   16    1   20   12   17   18   12    8    1   13   11    6    0   19   17    5   15    5   12   15   15    5    3    5   17   19   14    0    4   10    4   11   16    5   18   10   15   17   18    0    6    7   13   11   10    0    4    7 
  18   16    8    6   14   14   14   10    2    0    7   15    7   10    9   15   12    4    1    5   18   18   13   10   20    0   14    9   16   19   15    3   17    5   10    3    7   12    3    7   12    3    3   18    9    3   12   10   19   14   10   13   10    8   14   17   10   12    0   16    8    6   12    7   12    2   11    0    7    4   18   12    1   13   19 
  11    3   15    1    4   17    7    2   18    4   17    9    5    6    5    8    8   13   10    3   10   17    8    3    5   14   19    0    8    2   17    0   14   19    5   10   18   20    3   12   14   15    6    1    2   17    1    1    1   11   15   16   13   14   16   14    7   10   15    2   19   10    4   18    7    0   13   15    0   10   15   13    4    5   19 
   5    3   12    5   10    7    0    2    2   14   17    8   13   11    6   17   11   15    0    6   14    8    6   11   14    2    2   10   16   20    1    9    9    1    1    5   15   19   12    8   18    5   10    1    3   17   16   13    6   10    7   13   15   13   11   11    7    4   19    1    9    2   15   15   13   19   15    6    2    0   13    7    1   11    5 
   2    8   16   20    2   18    0    5   20   17    1    5   20   19   11   15   19    0    1    5    1   11    1    3   20    6   11    7    9   10   10    8    8    7    8    2    6   14    8   11    1    4    6   14    1   17   14   15    1   13   16   13   19    9   14   16   17    9   12   11    3   10   16   14   12   19    0   14   16    9    0    0   14    7    3 
  17   16   10   19   12   18    9   14    8    8    6   13    5    9    2    1   19   12    5   18    6   13   20   12   11    8   16    3    8   17    5    5   12    1   11    6   13   14    9   14    3   12   13   14    2   11    3    8   19   15    5   16   20    5    4    9   14    6   16   14   12   10    6    5    9   10   15    7   12    2   10    0   17    3   16 
  18   18   18   18   19   15   10    2    6    1   14    2    7   11   18    7   10    9   14    4   16   15   13   19   11   16    8    8   10   14   19   12    9    5    8    1    0    6   10   10   17    6   15    4   12   11    2   17   12   16   13    2    8   11   16    5   19   19   10   17    6    4    5   12   16   16   19   12   18    7    5    6    0   20   16 
  17   17   14    0    7    6    9   10   11   11   15    3   16    7    8   14    7    3    1   11   17   13    3   13    3   16    8    2   10   13   20   17    7    4    0    2   13    3    8   13    8   13   18   13   19    4    1    3    7    3    5   15    5   17   18   10    9   18   13    3    5    8   12   10   15    7   19    3    1   17    9    8    0    0   10 
   4    4   16    3    8    5   17    1    2    4    8   16   14   16    7    3    9   17    4   14   16    4    6    2    6   12    5   12    6    1    9   13    7    1   19   12   12    4    7    1    2   16   13    9   11   17    4   14   15   14    0   12   10   11   12    8    1   18   11   15   16   13   16    5   12    6    5   15   11    8    1   20   13   14    0 
