          25      0     0
  160   73  145   80   83   85   81   72   56   85   75   89  101   54   96
  106   78  106  123  140   72  183  110   62   56
 1973 2033 2060 2082 2091 2092 2095 2115 2120 2181 2231 2232 2244 2260 2285
 2368 2378 2379 2408 2411 2412 2415 2431 2439 2459
   15   11   13   16    3   19    7   12   12   19   17    0    0    0   19
   11   10    3   16   16   10    7    2   19    2    0   16    9    9   10
   20   20   19    7    4   15   11   19    8   14   18   12    2    8   18
    9   18   10   10   15   15    0   19    8   14    6    4   15   18   17
   15    1    2   19   18   10   16    6    6    2   10    5   10   20   17
    3    7    0    8    8   10    1    6    1    4   16    9   10   17    9
    3    5   19   19    2    1   12   17   10   11   16    7   16    0   18
    9    1   19   19   14    4   15   16   17   13   19    9   14    2   13
   13   12   13   18    4   14    1   18   16    0   13   13   16    5    8
   10    0    3   13    8   11   17   19    1    3    6   20   20    2    1
    6    3   17    2    3    0    6   16    0    1    6    7    7    0   11
    2    8    0    6   17    9   11   10   16    1    4   18    9    8    4
    5    0   10   13   20   15   12    7    4    5    1   11   15   11   13
    5   15   18   16   12    8    1    6   11   12   17    2    0   11   18
   19   16    3    7    4   19    0   15   14   10    9   16    2    7   16
   15   10    3    9    4   11    2   13    0   19   14    1    1   10    0
    5    0   11    2   15   12   17   18    9    2    3    9   19   17    1
   15   18    3   20    0    6    9    9   13   13    8    1   11   11    6
   12    4   11   18    3   15    5   19   14   14    4   12   14    4    1
    0   15    4   15   15   17   20    5   12    8    9   11   19    5   15
    3   19   14    5    8    3   13    9    7   15    1    0   10   13   17
    4   14   11   18    7   11    0   20    8   14    8    3   19   18   17
    2    5    9    3   20   17    3    0   15    2    5    0    3    8    4
    4    2   17   20   10    5    0   18    3    2   10   11    4    6   14
   12   20    1    0    6   15   14   19   15    8    4   19   10   12    4
   11    9    4    0   17   14   10    9    3   17    5   20   20    0    0
   12   12    3   20   12   11    5    4   18   12    7    5   15    3    1
   17    4    0   19   20   18    0   20    8    1    0   19   17    3   15
   20    3   10   11    8    4    1    1    2   17   13    3   15    5   18
    7   10   18    5   19   13    0    2    9    6   15   12    0    0    5
    5   18   10    9   11   17   12   12   15    6    2    8   20    1    0
   14    4    0   13   12    6   11    2    6   19    7   16   16   11   13
   12   10   16   13    4    6    3   15   10   17   18    2    0    0   15
   20   18    7    3    9   17    9    4    5    7    4   12    3   16    9
    4   15    7    6    3   12    3   11   15    0    6    6   14   10   20
   10   16   16    5   15    4    6   17   12   18   17   15   13    4   10
    4    7    0    3   11    0   17    7   18   14   11   19   11    0    5
   12   11    5   20   10   13    2   13   20   17   18    1    0    0    9
   18    0    7   15    3    1   19   13    0   14    5   19   19   18    6
   15   14   19   17    8    0    7   19    8   16   19   11    0   10   19
   10    6   13    1    0   12   18   18   12    1    0   15   14    5   20
   18    1   19   18   19    6    6   12    0    9    3   17   15    0    0
   17   13   18    9    8   10    7   13    6   20    1   13    1   14   19
    3   17    2   16    0
