  85  0    0   PROB856.txt    H    L    W
  99  128   69   96   94  148   74  107   72   67   72   97   91  139  100  108  117   56   89   98   70   99  129   59   84   99  144  110   90   99  142  137  121   95   33  107   84  113  127   99  142   66  133   86   45   73   89   79  137   71  161  167  122  102   60   94   76   66  111   99  123   95  107  128  112   79   78   86  119   86   94  100   97  135  125   87   65   90  114   72  102   96   83  105   79 
3312 3361 3618 3839 3923 3964 4075 4216 4353 4370 4401 4487 4654 4795 4822 4863 5002 5243 5329 5427 5579 5611 5849 5859 5884 6334 6399 6399 6477 6511 6584 6758 6787 6829 6854 6861 7103 7111 7281 7376 7480 7483 7517 7814 8019 8181 8346 8678 8713 9151 9194 9240 9255 9365 9393 9456 9588 9622 9652 9723 9830 9836 9887 9911 9927 9986 9991 10057 10063 10167 10186 10206 10315 10436 10486 10492 10615 10649 11146 11193 11212 11331 11366 11518 11636 
  19    7   16   19   15   14   10    2   10   17    6   14    4    4   19   14    8   18    5    5   10    0    4    6   16    2   13    2   13    3   13    5   18   17    7    0    9    3    8   14   11    3    6    7    7    6   13    4    3   13   16    6   13    7   17   18   11    9   17   16   16    5    7   19    1   14   14   11    9   11   11    9    7   17    3   12   18   20   13    4   13    4    4   17    9 
   0    2    7   20    8   14    6   15   16    5   20    2   18   16    4    8    7    3    2    3   19   20   17   11   14    5   19   12   13   14   11    7    4    1   17    0   16    3   16   15    7    8   13    5    4    9    2    6    3    0   12    3   10    6   12   15   12   16    9    2   16    5    9    5   13   14   12   12    8   16   10   20    5    1    1    2   18    8   16    6    0   12    4   13   10 
  19    0   15   15   18    7   18   19   16    3    6   18   11    4   17    2    8    8    6   15   12   18   18   17    7    7   19    5    0    3   18    5    6   16   11   20    5   20    3   19    5   12   16   15   14    8   14   17    4   12    6   17   10   15    7    9   15    5    1   11   19    3    3   19    0   19   19    1   14    9   12    5    5    5    9    4    2    1    4   15   17    3    9    7   10 
  14   13    0    0    7   11   19   18   19   14   19    3   15    7    8    4   10   10   20    9    2    3   14    2    7    8   17    7   18   16    1    6   13   11    4   10    2   15   14   15   10   17   14    3    8    4    9   17   13   11   14    5    8    2    1   16   13    7    9    2   17    7    8   19    3    7    2    7    7    5   11    5    1   19   13   18    0    9    6   20    0    1   13    3    0 
  13    5   19    0    4   16   18   17   16   15    9   10   16    3   13    6   17    8   14   19    6    7   12   14   20    1   19   11   15   11    8    4   11   15   19    9   20    5   19   13   12    5    0   14    3   14    7   16   12   12    0   15    6   11   19   10    8   10    6   15    0   17    3   14   16    5   15   14   17    5   17    2   19   18    1    9    5   12    8   20   19   17   16    7    7 
  17   18    9   20    0   14   19   12    8    9   13   13   17    1    6   17    5   11   18   18   11    2    1    8    7   10   10    8   20    5   14   14    4   18    8   19   17    0    4   16   15    5   13   10   17    3   12    5   20    8   14    2   17   14   14    9   20    5   10   19    9    5    1   18    7   16    7    2   12    3    2   11    0    8   17    5    0    0    4    3    1    2    3    3    5 
  14    3   15    3    6    0   13   15    7   14    6    8   15    3    3   14    6    1    3   17   13   15   17    8    3   16   14    3   18   17    7    3    1   17    3    2   19    9   19   19   12    8    7    5    6   11   10    0   12    5   10    9   12    7   12    7   16    8    2    5    6    6   14   11   14    1    1   11   12   18   12    5   18   17    9    3   10    7    7    9   10    8   19   15   16 
   1    1   11   17    3   12    0    3    0    1   10    0   14    7   18    9   15    9    5   12    2    3    4   13    5   13   11   11    1    9    2   12   16    2    1   15    8    8   17   17    9   20   16    4    6    9    2   11    7   15   19   16    9   18   14   11   18    1   17    7    7    8    9    6   17   17    4   14   15   14    8    1   19   17    1   17    5    5   14   19   10   19   12    4    4 
   3    1    7   19    3   11   15    0   15    8    2    2   11   13    8    0   16    1   17   17   14   14   11   11    6   14   10   10   17   16    3    1    9   13   12    0    2   17   14   10   19    2    2   15   18    9    7    2   19   18   16   11   11    1    1   17    9   18   19    2    9    9   13   17    6    1    4   11   19   13    5    5   19    5    5    9   16   18   12    5    9    7   14    5   18 
   3    5   13    4   10   20    9   20    0    6   12    6   15   10    2   10   15   13   11    5    2    7   10    8   15   16   16   12   14   17    2    5    1    5    1   12    6    4    3    1   10    8   10   19   10    4    0    5   14    6    3   18   13    5    7    3   17    7    7   14    8   17    7   16    7    4   17    2   16   19    8    7    7   18    1   17    0    8   15   11   20   14   10    6    4 
  10    4   13   13    4   14    2    1   17    0    8   16    9   13   14   18   12   12    2   12    6   17   12    2   11   12    9   17    9   13   11   18   14    9   19   15   19   17    3    5    5    7   16   14    9   12    1    5    8   16   11   18   16   16   16   14   12   19   16    6    8   10    5    6    4    3    4    2   19   20    3   13   16    3   10    8   17   13    2   18    9   10    6    2    5 
  18    1   16   16   19    4    7    9   12    7    0    6   14   19    1   20   10   11    1   17   10   15   17    7   10    9   14   15   10    5    7    2    9    0    8   17   16    0   13   14    3   10   12    6   19   19    5   14    1   15    6   18    7   10    2   18    8    4   17    4    5   10    6   10   17    6   13   14   14    8   17    7    3   16   12    4    5    3   12    6    8    2    6    0   10 
  11   15   10   10   19    6   12   10   10   16    4    0   12   16   18   15    6    6   15    3   16   11    0    8   17    8   10   11    2    2   11   17    9    9    7    9   16   10   12   10   18    1   12    2   13    3    6   20    7    5    8   12   14   18   12   12   13    6   17   14    2   14    6    3   10   11   15   16    8    9   16   20   12   11   14   17    1   20    0    9   19   14   18   10    1 
  15   15   11    7    5    8    6   13    7    9    3   15    0    3   12   17   16   12    2   16    3    5    7   12   17   15    1    6   12    2   12    2   15    2    8   20   11   20   20    4    4   11   11    1   13    3   15   18   14    8   10   20    2   10    2    0    5   10   16    9   12   17    8    9    4    4   15   19   14   19   11    3   13   12   20   19   11   10   17   14   20    8    4   18   18 
   8   13   20   15   13   10    1    6    5    0    7   16    9    0   16   15    6    1    2    1   17    1   18   15    1    3   18   19   16   15   10    8   12   20    7    1    0   19   13   19   10    7    9    1    5   10   10   17   14   13   11   17    2    6   20   13   16   11   14   12   11    3    1   14    7    3   16   18   15    0    9   18   18   19   19   17   14    8    2   14   10   17    1   13   10 
   4    2   14   20   16   18    7   11   16    3    8   10    8    4    0    8    7   11    1   19    1   14   15    1   14    2    2   13    4    2    1   10    6   18    2   17    5   15    7   14   12    9    6   12    6    7   16   20   13   14    5    6   15   16   18    3    5    2    8   15   13    6   16    0   19   17   15   17   19   18    5   12   18    3   10   15    9    0   15   17   12   10    5   13   12 
   3   20    0    7    1    2   20    4    4   12    8   10    1   12   12    0   15    5   17    9    9   12   17   16    2    1   14   15    4   11   19    1   19    6    7   16    3    2    6    1    9    7    6    6   12    6   15    0   20    5   19   10    0    6    5    9    9   19   14   13   20    8    4    3   20   14   16   16   18   14    3   13   13    1   16   12    2    6    4    1   19   11    5   15   14 
  15    2   13   18   12    7   16   13    1   13   14   13   12    0    1    1    0   14   14    8   13    7   12    3   20   19   13   10    4   20    8   12   10    2   18    7    6   12   14   17    9   11    4   13    1    7   13   11    1   15    1    7    5   17   11   18    9    3   10   18   15    6   19    1    6   12   20   15   10   14   13   19    8    8   16    9   12    5    3   14   18   15   15    3    1 
  11   10    8   15    1   16    1    6    6   11   16    6   13   15   19   13    8    0    3   12   15   10   17    9   17   12    1   11   15    1   11    6    1   12   10   12    3   12    7   11   17   14   14   19   17    7   19    5   15    5    6   10    9   15    5    7    6   10    7   15   10    8    3    7    9   17   14   15   19   12   12   17   15    6   19   20   10    0   13   19    6    9    2    7    7 
   0   10   13   13   16   14   16    7    9   14   11    2    5    6   11    4    4    5    0   16   16    0   11   11    7    0    9   16   18    1    7    8    3    1    4   15   18    9    4    6    3   18    9   17   14    8    7   13   11    4   10    9    1   11    2   12    1    1   10   12   15    7    9   17   20   16   11    9   12    2   15   19   10   10   11   18    3   18    6    9    7   17    6    7    8 
  12    7   15    1   14    0    6    3   19    8   20   17    3   14    8    4   12   13   13    0    6   12   16    8    7    6   11    5    4    2   15   12    8   10   19    8    1   18   20    3   13   16    5   19    3    6    3    9    1    9    5   10   20    4   12    6    3    4    7    7   14    0    0   18    8   17   13   11    2    2    1   16   18    3    4   20    3   12    4   12   18   20    7    7    8 
   4   14   12   10   10    4   13    6   16    5   19    9    4    0   19   18   16    7    1    1    0   12   11    5    7   18    5   14    8    4    3    7   11   15   19    4   15   14   14   10   16   11   18   11   13   16    8    9    2    1   17    1   12    7   18   18   20   10   12    9    3   11    1   12    1    1    2    0    2    9   18    7   19   16    7    0   12    7   15   18    6   16    2   16   13 
   8   18    1    9    3    2    6    2   18    7    0   18    0   11    7   15    7    5    6   14   17    0    8   15   17    4    6   14   11   12   17   14   19    4    7    4   17   16   14    8    9   10    9    2   13   20    9   10    8   10    9    3    9    7   12    5   18    3   15   14   14    4   10    7    5    2   15    8   11    4    9   11   17    4   15   18    6   17    5    5   12    1    6   19    4 
   6   12    8   17    1    8   15    0   13   18   18   15   15   18   15    0    4    8    6   12    8   16    0   13   13   10    8    7    1   20    7   12   12   18   19   13   14    7    9   14   11   19   15    1   15   16   10   20    4   19   16   14    3   10    7   16   16   15   10   18    8    1    2    1    3    2   19    0    0   16    8    5   13    4   16   16   13    1   10    1    0   11   11   17   15 
  15   16    6   13    4   14   17   11   12   11   17    4    1   15    2    4   17    8   13   11    3    2   18    0   16    3   13   18   19    6    8   16    9    8    0   11   19    2   18   16    5   16    3   10   19    3   17   13   15    2    5   15   18    5    7    6   14    9    4   12    4    4    6   18   12   13    4   17   15   12   17    1    3    5    1    6    4    1   16   17   14   10   15   16    9 
  17    6    9   16    0   19    7   14   13    2    1    3    6   11   14    4   17   12    1   18    1    9    6   12    0    2   12   17   10    6    3    9    6   19    5   16   19    1   15   19   10    3    6    1    1    3    7   13    9    6    2   15   19    6   11   19    8   12   17    9    2    7    5    7   16   16   14   18    0   11   18   16   16    5    1    5   14    9   18    3   15    4    6    6    4 
   4   12   13   10   15   17   16    9   17    9    9    7    8    9   15   11    7    6    9   19    0   15   17    4    5    0   11   19   13    7   15   12   18   11    1   12   13   17    3   14    2    2   13   18    7   17   11    7    7    1    3   15   11    3   15    9   17    3   12    2    4   15   18   13   18   17   20    6    1   11   14    2   14    8   17    1   12   19    1    0    4   11   12    6   13 
   5    2   10   17   17   11    1    9   13   17    6   11    8   10   14    6   14   17    1   16   14    9    7    2   11    9    0   10   13   14    0   17    2   17   11    4   12   13    9    5   19    9    4    4   12   16    1   10    5   16   19   17    1   16    3   19    2   11    9   16   17   13   12    4    1    3   16    8    6   17   18   10    5   18    8    0    7   11    2    4    9   19    5   14   14 
  20   13    9   17   12    1    9   16   18    4    8   14    1    9    4   17   15   12    6   16   19   15    2   16    9   14   16    0   13   10   11   14   16   17   19   12    6    3   15   18    2    2   17   15   12   19   16   19   18   17   18   11   19   11    9   17   14    6    4    8    4    9    2    1   17   11   20   19    1    0   17   16    5    3   12    3   20   14   16   10    9   12   13    5   14 
  14   17   11   12    8   19   12   20   16    6   17    9    8    6    4   13   13   17   14   11    6    5    0    6    4    3    3    9    0    0    5    9   12    3   13   15    2    7    4    8    6   13   19   15   20   14    7    7   11   12    4   11    0    3   16   15    2    4   11   12   14   13   12    3    8   19    5    2   13    5    8   17   18   18    5   14   11    2    2    2   16    1    7    1   19 
   4   19    7    1   14    8    9    4    8    4    1   14   15   17   15   14    2   13   15   11    4   14   17    4   13   16    3    1   18    0   20    4   19    6    9   16   16    6    6    9    2   10    1   14    1    9    2    3    2   10   11    5    5    1   14    0   12   12   10   13   15    8   14    2   14   15    2    3    1   14    4   13   18   13   11    3    2   12   17    6    1   16   14    3   20 
   1    8   14    6    6    8    6    3   13   16    7    4   11   12    1    8    2   19   14   18   12    8   10    4    2   20   16    7   11   12    0   15    8   17   19    6    7   17    9    9    9    1   19    1   20    2   10    1    0    3    8   11    0    1   13    7    9   14   11    1   20   16    9    6   17   18    4    5    1    5    2   19    3   12    6    7   14   18   11   16   16    3    9    6    2 
   9    2   11    7    9   16   18   11   16   10   16   19   18   15   19    4   11   17   18   10   15    2   17    9    4    6   14   15    1    4   16    0    1    0   15    2   19    4    4   17    1   20   15    6    4   14    8   10    4   15    6   16    4    5    0    3    7    1    6    5   14   19   15    4   15    0   13   10    6   13    0   14    3    9    4    8   14   20   13    6    2   11    3   14   15 
   4   18    1   11    1    8   10   17   17    3    7    1    8   19   13   14    8   18    3   12   10    7   15    6    8   19   10   17   12    6    8   13    0    4   11    3   14    6   15   16   16   19   10   20   19    4    4   14    1    4    9   19   15   18   16   10   10   13   18    7   14   10   10    6    6    4    3    9    9   13    3   16   12    9    9    0    3   16    5    3    9   15    1   15   20 
   2   19   11   15    5   19    4    7    8    1    7   17   20   15   15   16   10   15   15   16   18   15    4   19    3    7    2   18    4   10   14    1    5    0   12    8    9   15    7   12   11   12   16   15    3    5    9    8    6   14    8   16   15   13    0   18    8   10   18   18   13   16    6   16    8   15    9   11   19    3    8   20    5    2   17   20   18   19   18   19   17   20    3   19   14 
   1   11    4   15    2    2    8   19   17    4    4   15   19   15    1   16   13    8   15   19   19   19   19    4    3    9    4    8   11    7    4   10   13    9    0    2    2   12   12   13   20    1    8   19    6   17   14   20   10   18   13   16    1   19    3   11   10   11   20   11    8   18   11   19   14   13    4    9   16   11    0   16   13   10    9    1   20   17    1   15   14    1   20   17   14 
  15   13    4   16   11    5    6    7   13   14    3    6   18    2   11    0    7   11    3   10    4   12   11    1   15   10    9   16    8   15    3   15   14   15   18    0   18    0    1    4    2    3    5    4    4   15    0    1   13    9    3    8   17    2    5   12    2    6   12    5    3    8   10    7    7   20    4    9    1    6   11   17   11    8   12   17    6    2   10   11    8    4   16    8    3 
   8    8   13    9    9   16    1   17   20   15    5   10    7    3   10    9    7    0   19    1   11   13    8    4   16    8   15   15   13   15   15   16   18   12    2   18    0   17   19   14    5    9   11    5    2   11   15   12    7   20    4   10   15   19   14   14    0    2    5    4    0    8   19   11    2   17   19   10    3   13    9    8    7    5   17   18   17   14    0   18   12    8    5    9   16 
   5    6   18   11   17    1   10   16   13   14    3   13   12    1   18    0    5   14    2    2   10    5    2   11   14    7   19   10   13   15    5    9   10   10   11   16   15    0   12   18    2   17    7    5   11    4   14   15   17   10   10   18   11    3   15    9    4   19    5   11    9    3    2    4   13    5   16   12   16    6   16    8    1    9   18   12   19    4    2   10   17   10   17   15   13 
  12   18    2   11    6    6    7   18    1   16    8   17    5    9   11   19    3   12   17    6   16   12   11    8   15    2    7   13   19   17    4   17   20    1    9   13   20   14    0   10   18    2    5    8   16   13   13   20    3   16    1    8    9    6    1   15   12   11    2   18   16   15    7    4    2   17   15    2   17   19   10    5    0    8   15   16    0    5   13   13   14    9    4   11    0 
  16    2    9    6   20    9    7   15    7   17   11    7    4   11    3   20   13    8    7   17   17   15   12   14    9   14    9   10   17   16   10    8   19   15    4   10   15   18   19    0   19    1   13    9    7   15   14   12    9   19   11   14    9   18   10    6    2   14   17   17   13   12   15   15   11    3    3   14   18   16   13    4    5   16    6   12   15   12    4    2   19    3   18   17   19 
  15    8    1    9   20    6    8   13   16    7    6   11   10   16    9    7    7   15   10   13   11   18   11    3   13   17    4   14   19   18    9   15   11    5   15    7   11    0    7   19    0    1   11   16    4    2    4   13    9    9   14   18    6   20    6   11   15    9   15    9   10    7   15    4   11    5    2    3   20    2    6    0    9    3    5    4   11    7    6    5   19    6   18    9   12 
  18   11    3    3    8   16   15   19   12   18    6   13   13    7   13    8   13    5    8   18   15    7   14    1    4    2    6   10   18    1    1   13   17    6   12    8   16   11    8   11    3    0   16   14   17    9    6    9   11   15    2   11    8   17    3    5   16   19   14   12   19   15    4    5   19   20   13    6    7   11    0   13    3   17    5    6   10    3   18   10   13   16    6    5   10 
   2   12   15   12    3    2   10    7    5   13   13    5   12    7    3    9    8    6   13   20   14    1   19    5   18   17    8   13   15    7    0   18   14   19    5    9   16    1    8    3   12   18    0   12   10    0    8    1    0   20    0    9    8    4   19   18   14    3   12    2    9    1    7    3    5    4   11   12    3   13    3   10   10   17    3   17   11    6   18   17    9   17    7   16   17 
  11    8   11    9    3    1   11    6    8   20   11   15    7    9   16    7   19   14   14    7   18   16   13    1   20   18    1   19   12    5   12   18   15    5    5   12   16    9    8    0   11    1   17    0    9   19   19    8   14   10    5    6    1    8   11   14    5   16   13    1    0   10   16    8    4    6    5    8   12   19   17   17    1   19   12    6    9    1   11    7    8    2   13    2   15 
   3    2   15   10   11    3    9   17   17   16   20    0    3    0   16   10    6    1    9   14    9   19    4    8   16    9    4    6   14   14    7    0   16   12   18    7    5   15   19   20    4    8   10    2    0    1    7   20   16    3    0   11   13   13   15    8    7   17   18   10    9    4    5    6   16    5    3   15    8    7   13    4   10   14   10    3   16    2    9    2    8    0    1   17   18 
   1   18   11    1    5    6   16    5    5   14   13    1    6    3   18   17    9   18    6   15    6   12   11   19   19    2    7   11   10   13    4   19    6   16   17    2   16    5   14   18   19    7   11    1   14    0    4   14    1    4    3    3    3    9   12   12   12    1   15    8    6    6    9   18    1   15   10    0   15   10   13   18   12   11    2    1    7   17    9    9    1    3   12   16   10 
  11    5   10    3   13   17   11    2   19   14    2   13    8   11    4   20   18   14   15   12    7   17   11    3   18   12   19   15   15   11    1    3    6    4    5   17    3   16    5    6   19    6    6    1    8    3    0   12    1   15   13   12    9   18   20   14   10   17    6    5    2   18    4    3    4   20    4    1    7    1    5    8    4   18   11   17   15   10   14    3   13    8   13    5    6 
  15    2   14    8   16   19    5    9   11   13    0   12   18   12    8   16   17   19   13    0    8    4    7   12   14    9   12    7    1   13    8    1   13    6   10   19    4   14    1    6    8   19   13   16   18   11    9    0   15    7    4    2   20   20    9    7   19    2    6   12   19    8    2   11    2   13   12   16    2   13   12    9    9   13    8    3   18   18    2    2   17   19    2   14    1 
  18   14   10   10   14   19   20   18    9    9    7    6   14    3    4   16    6   11   15   12    9   16   17    7    8    5   12   16   18    8   10    6    7    4   17   11    1   14   19   15    3   15   14   17   12    7   16   17    0    3    6   17    1    0    2   14   11    0   10   17   17   17   12   15   20   17    8    6    5    1   19   17   14    7   12    1    2    6   14    4   19    5   10    3    6 
   9    1   19   15   13   19   12    2    5   11   11   17    1    5   20    8   17    6   11    4   17   14    9   10   17    7   17   11    8   16   11    1   20   16    1    3   10   14    5   10    4    7    4    5   19   17   18   13    9    0   14   10    0    7    6   14   18   18    5   18   15    0    1    6   17    8   11   17    3    3   11   10    5   11   10   18    6   16    6    6   10    7    4    5   11 
  12    7    3    1   13    1    1    3   20   15    1   13   16   18   14    4   11   14    2   16    1   10   16    8   15   10   13    2   12    9   20   11    5   17   18    1   12    2    8    1   18   11   11    8    1    5    7    9   14    9    0    2    5    9    5    7   17   16    4   13    5   18    2    2   15    9   11    6    3   11   15   10    1   14   18   11    1   10    6   17    6    1   18    8   19 
  17   19   16    3   10    7    2    8    9   14    8    7   10    8    4   20   19    4    6    1    2    8   17   11    8   19    9   10    5    1   16    9   13   17    1    3   19   14   12    4    1   16   19   16   15    2    2    9   18    1   15    0   20    9   10   10    7    9   11    6    8   12    4    9   17    5    0    7   11   18   17   12    4    6    5   16   10    2    1    5    9    2   18   12    8 
   9    2   12   12   15   10    9    5    9   11    5   16   17    6   13   13   15   16   14    7   16   19   12   12    6    4   12   16    7    8    6   11   18   12   12    3   14   14    6    3    1   11    9    3   12    2   20   12   19   19    9   11    0   18    4    6    5   10    1    9    5   11   20    9   10    7    3   15    0   18   19   19    9   17    2   16   15    7   12   16    9    1   13   14   13 
   1    6   10   20   14   15    3   10    6    5    7   16    3   18   19    2   17    4   19    7   19   16   17   19   11   17   15    4    6    5   10    9   11    5   11    4   13    3   19    2    4   17    9   13    2    9   19    6    9   11    1   18    8    0   16    4   15    8   16    5    7    0    6    4   12    3    7    4   18    6    3    9   10   14   17   17   14    6   18   14   16    3   13   18    7 
  18    4   14   17    1    8   14    2   14    7   14   12   17    5   14   19   12    7    5    0    0   17    6   19   19   11    7    2   20   12   15    3   12    2    3    5   16    1   16   18    2   11   12    1   17    3    4    5    0    6    9    6    3   12    0    2   17   10   20   14   12    7    6   17    3   14    9   19   17    5   15   12   15   13    6   13    7   10   14    2   16    3   11    8   14 
   7   19   18    7    3    5    2    7   16    4    8    6    9   17   15   14    9   19    6    8    2    3    4    5    5   13   13   15    6    2    4    8    8    7    8   18   11   12   17    5    9    9   14    7    3   19   19   18    4   16   11   11    4    5   14    0   16    6   19    4    6    3    2    5   20    9    3   14   12    6   16   19    4   16   11   20   14   14   11    7   19   18    5   14   19 
  10    2   10    3    6    1   16    1    1    2    9    8   11   19    1   19   10   17   19   11    9   12    9   10    7    3    1    7   14   15    9    1   14   16    3   16   19   15   14   15    9   19    7   18   20    2    3    1    1   20    7   10    5    8    7   20    0    2    4   18    0   15    2    3    9    1   17   14    4   15   10   16    7    0   11   18    4    5    3    0   15   10   19   12   13 
   8   15    1   18    6    6    4   10    7    3   10    4    7    3    9    8   16    7   18    2    4   17   13   16   10    4   16    5   12    6   15   12   18    5   14   20    4   20   15   19    2   17    4    4    9    1    0   13    7   13   19    6    4    5   10    6    4    0    3   18   18   13   12   14    3   16    6    4    2    1    6    7   16   11    2    9    2    9   19   11   17    8    5   19    5 
  18   18   10    5   11   10   19   18   18    4    2    5   16    9   11   17   12    7   13   15    9   15   20    4   17    6    5   12    2    6    8    6    6    2    2   17   17    3   10    8   14    1   10    4    5    1    2   16   17   12   18   13   16   12    9   17   11   14    0   15   10   15    4   16   19   12   19   11    3    0    9    5    8    5    4   18    9    3   11    4    6   14    5   10   15 
  15   10    5    8    4   15   10    1   14    7    1   14   15   19    9    8   19   11   11    1    9    1    3    3    5   13   15   11    6   18   16    7    2    9   15    3    8   17   15    9    8    3   15   12   19    4   18    6    8    7    9    7   15   12   13   14   20   14   17    0    2    3    7   14    7   11   17    2   10    6    8   20    8    4   10   16   15   14   13   15   16    4    5   17   16 
  17   18   16    5    4   10    4   15    7    8   16   18   17    5    6    1    3    4    6   10   10    6   15   10   12   18    9    2    7    8   12   14    8    9   11    6   20    9   19    0   19   11   13   19    5   12   10    5    2   16   11   17    5   20    1   15    4    5    2    3    0   10   11    3   10   11   12   10    5   19    3   13   10   17    3   10    9   19    4   15    7   15    7   14    2 
  18   10   19   16   12    6   13   10    7    4    6   16   10    1   14   11    1   11    6   12   13    3    5   19    5   11   15   15   10   14   14   19    1    4   12   15    6   13   17    2   15   16   17   16    8    8   16   14    5   20   17   19   14    9   14    4   15    7   19   14    7    0   15    2    3    6    4   11    2   16   18    3   15    8    1    6    6   12    2   18   17   11   19    5    6 
  18    3    6   16    5   12    2   10   13    0    2   10    6    7   15    3    3   15    0    9   12   12   18    1    3    3   12   14   11   10    8   19    4   12    7   17   10    8   11    2   12   16   18    1   16   11   20   18    4    0   17    5   15   15   13   11   17   14   13    7    8    5    0   12    0   17    2   11    1   12    3    3   17   18   14    8   13    7   19    7    7    3   13   11    0 
   4    4    8    2   16    5   20   17    1   19   13   20    9    7   12   12   20   12   11   14    3    2   15   17    8    9   14   19    7    6   18    2    7   16    5   13   17   17    7   16   15    8   16   15   14   10   19   10   16    5   20   19   17   20    0   14    4    7   14    7   10    9    1    0   17    6   10   15    6    5   18    7    4   17    3   15   15   19   13   18   18   17    4   15    8 
  12   14   12   10   10    8   16    9   12   18    9    2    1   12    3    3   13   15   14    4    9    7   12    9   16   18   10   10   18   15   18   11   10   18    5   16    1    6   11   12    2    7   16   17    1   15   18    8    9   13   10   15   12    4   14    8    2   19   18   11    8    2    8    6    0   11   10   16    1    4   15    5    2   13    3   10   17    2   14   10    9   17    7   13   12 
   1    8    0   13    6    4    6   19   10   17   19   20   19    7    3   12    9   10    7   10    0   16   18   12   14   11    2   17   10    4   18   20   12    3    8    2   11    6   13   15    6    7   20    7    5    2   11    1   12   19   16    4   18   14    7    0   10   19    2    1    3    3    8    5   18    0   11   18    9   17   20   10   11    7    5    9    2    5   13   14   14    1    1   17   17 
  13   16    7    5   18   13   16    3   10    2    1    9   16    1    7   19    3    4   10    6   15   16   11   19    8    3   20    5   18   10   17   12   19   12    9   15   16    6    6    7   16   18    1    3    4    9   12   19    4   13   15    8   19   19    4   15    9   17    7   19    7    3   10   19   16   14    0   10   10   13   18    8   16   18    1    5   12   18   12   14   13    5   13   14   17 
   5    3    2    9    8    7    1    6   18   19   19   18   11    9    0    6   14    9    9    6    1   18    7    1    8    4   10   20   11    7   18   15   13   14    7   14   13   14    4   13    8    4   13   18    0   20   15    1   15   19    8   11    6   11   10   13   14   18   15    6    7    8    9    6    5    5    8    0    5    1    6    4   19   18    8   18   12   11   17   18    5   19   15   17   15 
  20    4    9    6    4    2    8    5    1   20   16    8   14   16    2    2    4   16   13   15   16   12   17    6   18   12   12    0    1   11   14    9    6    4    8   11    8    6   16    3    2   15   17   17    4   15   15   18    2    8   15   13    4   15    9   12    8   20    4    2    9   13   18    8   13   14    9    8    0    2   16   12   19    0   12    8    5    2   16   11   13    5    2    9    9 
  11   19    9   20   19    8   15   10    8    6   14    6    7    9   14   12   13    4   12   10   18   12    6   13    7   11   16   18   20    8    9   13   17    7   10    2    7    2   11   19   18    3    9   11    3    7    1    5   20   15   13    7   10   17    1   11   12    9   12   19   10    4   19   13   12   10   13   16   18    0    8   18   17   14   15   17    9   16   15    4    9   14   17   11   14 
  17    6   10   12    4   14   20    1   19   19    5   19   14   11   16    4   14    7   13   12   10   14   13    1   13   19   15   10    3   14   15    5    9    1    4   16   14    2    6   10    4    2    0    3    4    4    5   15   19   15    0    1    8    9   10    2   11   10    5   14   16    7    7   19    3   12   17    4    2   11    0   16    7   19    7   11   15    5    1   19    8    6   20   17    6 
   4    1    3    3   20   13   15    2    7    1    6   13    8   18   11   13    2    5   12   15   15    9   14   20   15    9    3    9   17   19    6    6    1   20    3    2   18   18    9    4   16    7   17    6    6    3    2   18   12   15   14   16   12    9    5    2    7   11    8   17   12   13    5   17    4    3    9   19    8   15   18    0    7    5   19   17    5   14   17   11    0    9    8   14    4 
   4    2    1    3   16   18   15   19    1    5    9   17    7   15    3    7   14    3   19    3    6   16    9   14   19    8   10    5   17    8   15    5    8    3   10   17    7   11   17   12   12    9   19    5   12    4    5   10    3   10    7   17   14   14   15    2   16    1   18    7   17   14    2   19   12   10   16   12   18    3    5   11    0   15    5   12   18    6   12    7    7    8    4   11    2 
  11   17    8    5   12    0    6    3   16   19   10    3    7    1    0   14   10   12   20   20   11   10    3    7   19   12    1    6    8    3    1   18    7    6   13   15   14    9    1   13   12    7   14    6    3   19    8   11    5   16    9    5   19    3    3    2    8   12   14   16    3   11    9   18   18    1    5    2    8   18   13    8    4    0    4    1    8   20    7    0   17    8   12    7   14 
  16   18   10    8   16   19   13   11    9   11   13   19   13   16    6   11    5    3    8    7    1    8    6   14    7    3   20   15    7   12    5    3    2   13   16   19   10    9    7   11   13   11    4    1   19    5   17   13   14   11   16   20    5   10   13   18   18   11    2    5   20   12    6    8    4   15    9   11   18    8    4    5   12    4    0   16    6   16   10   15   12   19   15   11   19 
   7   14   19    4   16   10   11    3    6    3    1    3   11   19    2    1   18    8   19   10   16   12    9   10   17    5   11    8    9   12   17    1   14   15   18   12   14   19   14    3    8   16    9    9    6   18   15    3   15   20    0    5    1    9    8   18    2   11   10   19    3   13    1    6    0   19    0   20    9   15   15   14    1   12   10    0    9   18    3    3   11   15   20    7    7 
   1   15    2   10    2   11    3    2    9   15    9    9    7   12    2   19   16    9    1   12    2   16   10    6   14    8    2   14    8   12    4    8    7   11    7    7    0    9    2   10    8   18    6    2   15    4    6   10   12   13   16   13    7   11    2    6    2   17   18    6    7   12   15   13   16   16    6    2   12    7    5    9    3   18   10   13    0    9   14   18    3   19    2    2   13 
  13   11   15    1    6   11    4   19    1   13   17   11    7   19   11   12    6    2    2    7    9   13   12   19    2    3   10    3   18    8    2   11   12    7    4    8    0   16    2    8   19    6    7    5   17   18   15    2   17    8   14   16   14    7    6   11    2    0    4   15   19   17    1    1   12    2    0    6   10   10    7   12   12   18    2    3   20    0   18    7    4    4    7    6    4 
   3   15   14   11   12    8   16    7   16   13    9    6   11   12   16   15    8    5    8    8    2    9    1    5   19   14    4    4   11    6   15   17   10   17    9   12   16   18   12    7    5   16    7    6   16   11    2    4    5   14    9   17   11    7    8    1    8   18   11    8   17   16    3    0   18    1   10   13    3    5    3    1    9   16   14   10    0    4    0   10   13    7    2   12    7 
   2    3   14   16   11   16   18   14    1   12    7   14   17   11    2    1    6   18    9    7    2   15   15   13    2    8   18    6   15   15   10   10   16   18    7   18    3   13   10   18    6    4   19    5    5   20   14   10    9    1    8    3    7    1    6    6   16    3   18   15    4   10   10   11   16   15    2   20    4    2   12    8   17    3    6   17    4    3    2    0   16    4   14   12   14 
  12    4   16   16    7    8   11   12    4   12   17    1    8   18   15   13   10    5    7   19   16    7   16    6    1    6   10   14   13    0   18    7   12    2    5   13   10   15    2   15   15    3    9    2    5   12    7   13    9    3    4   19   11    5    5   19   15    6   13    4    4   17   12   16   13    4   16   18    6   14   18    5   13    9   20   19    1   20    8   12    0   14    9    2   15 
  15    8    8   18    6    8   15    6   14   18   19   14    9   18    2   10    5    6    8    7    0   19    2    7   13   19    4    9   17   20   16    1   16    7   11    3   13    6    9   19   17    5   17   18    8    5   17   18    0   14    5    3   10   10   11    2    3   11    9    9    4   15    7    0   19    3    2   18   16   11   17   14   11   14   15   18    5   13   16    9   16    0   13    2   15 
   8   17   20   18    2   10    0    1   19    2    6   20   17   11    8    7    3   18   13   19   13    8   10   17    3   11    3   18    9    5    2   12    5    2    3    3    2   18    8    6    0   10   15    2    7    2   15    1   14    5   12   20    1   11   20   13    0   14   19   19    6    6   19    4    4   17    7    4    7    8    6    9   10   17    3   18   14   16   17   17   10   20    0   12    4 
   7   18   16   14   18    2    1   20    2    2   15    6    5   19    2    5   19   12   15    4   13    9    9   14    8    8   15   14   13    3   11   18    5    2    0   18   18   14   13   13    9    1   11    3   16   17   16   11   17   13    0    4    6   13    2    3    9   19   18   19    9    3   10   10   18   16   14    8    6    3   11    6    0   20    3    2   14   12    4    9   15    1   14    0    4 
  17   12   19    4   19   13   15   19   16    1   12    4   10   18    6   17   16    0   20    6   20    4    5   12    4    2   14    6   14   17    0   17    3    3   14   16   11    9    5    6   14   14    9    7    3    6   18    5    1   12   14    9   18    9    5   13    7    1    8   15   20    7   17   13   18    7    4    0   17   18    6    4    2   14   12   17   17    4   13    4    9    8    6    9    0 
