  55  0    0   PROB552.txt    L    L    W
 107  100   91  104   93  100  101   99  102  102  108   98  109  102   96  109  112   93   94  106  100   96   95   99   94  106  105   99  102   92  103  107   96   96   96  100  107   96   98   99   99  102  105  105  102  105  104  105  105  105   93  101  102  101  103 
2301 2336 2375 2402 2644 2687 2762 2794 2868 2890 2894 3203 3274 3283 3419 3454 3458 3518 3659 3704 4108 4164 4184 4382 4424 4675 4907 4915 5015 5079 5100 5312 5358 5601 5664 5673 5702 5702 5785 5926 6162 6266 6735 6753 6900 6905 7281 7377 7424 7467 7483 7485 7493 7519 7559 
   2   10   10   19   20   14    6   19    2   15    1    7   16   10   10   16   10    8    3   16    5   18   17   18    5    9    4    3    4   12    8   12    4    4    2   17   13   13   15   13   19   20   10   11    9    8   18    0   15   13    8   11    6    2    6 
   0   14   16   14   19   18   11    6   18   12    1   19   16    1    1   10   16    6   18   18   13   12   16    8    8   14   10    8   11    3   14   15    3    2    4    7    5   14    4    7   12   12    0    5   12   13    9   13   11    7   13   12   10   14    4 
  13    0    3   15   12    0   15    9    7   16   17    9    8   17    2   19    2    7   19    5    4    3    8    7    1   19    5    4   11    8   17    9   12    2   12    9    8    1   10    1    3   15   11    2   17    4   11   14    7    5    4    2    1    9   12 
   4    4    0    8    2    2    6    4   19   10   19    0   16    7    1    3    3   16    8   15    5    1    5    6   16    5   11   11    4    0   11   20    7   10    9    4   14    5   16   14   10   15    1    4    4   19    5   16    8   16    1    6   19    1   12 
  11    1    2    0   13    5    7   12   12    4    1   14    6    0    9   19    5    8    3   19    8    7   13    3    1    7    7   17    4   14    4    7    8   14   11   11    1    6    6   17    0    1   14   13   10   14   12    8   12    7   13   13   15    0   20 
   5   17   11   11    0   10   18    9    4   15    8   10   12   14   10    4   12    1    3    3   10   14    5    3    8   10   11   12    8   15    5   11    2    9    9    3    7    8   10    8   11   11    8    2   15    8    5    7    4   19   13   16    1   19   16 
   4   17    7   13   11    0   14    6   17    9   12   11   14    9    6    5   19    3    9    6   16    2    9    2    0    2    8   16   16    4    9    2    4    3   15   14    4   10   12   11   10   19    8    3    9    9   15   13   14   10    3    1    5   18   16 
  18   11   17    9   13    2    0   10   14    4    5   18    6   14    2   18   15    1   10    7   13   11   10    7   15   12   13    3    6    9   15    3   11    7    1   10    5    9    6   12   18   14   15    3    7    8   19   16   13    3   19    6    7   16   16 
  17    8    4    4   17   19   12    0   13    7   14    9    9   14    6   19    7   11   15   16   10    7   18   20    5    7    8    7   11    9   16    4    6    2   13    6   13    9    3    2    7   13    1   15   10   19   17    9   10    7   19    2   20    4    0 
   9   11    1    9   13   16    3   19    0   14    4    8   16   13   13   18    9   13    2   14   16    4   17    4   14   19   12    8   20   11    5   18   18   20    6   18    2    1   13    8    2    5   11   13   19   19   18   17   17   17    8    3   11   12    7 
   0   10   15    7   13    6   19    6   20    0    4   13   10   16   15    1    0   12    7   16   20   14   12   19    5   10   15   14   16   20    2    6   17    8    1    8   17   11   17   12   19   10   13    0   17    3   15    7   10    2    9    7   10   12    9 
   2   14    0   16    2    2    4   10    8    2    0    3    2   12   15   16   17   13    8    6   10   14   10    6   13    5   14    4    5   17   13    4   19    0    8    1    1   10    8   18   10   15   14   11   14    2   10    6    5    7   15   19    6   15    4 
  20   17   10    5    8    4    4   12   11   14    5    0    7    4    9   15   18    4   13    9   16    1    0    1   14    9   10   14   16   18   15   18   17   17    4   10   19   14    5   12    1   19   15    2    1    7    9   11    9    3    8   15   13   14   10 
   2    4    8   16   16   17   20    9    3    5   12    2    0   18   18    2    9    3   14    3   20    4   11   20    6   18    0    7    7    1   17    4    1   19   15    5   18   15    9   11   12   20   17   14    1    9   14   11   12    3   10    6   15    8   20 
  13    7    0    6   13   16   18   11    8   17    0    8    3    0   14    8   17    2    5    9    5   17   19   12   15    1    5    5    7    1    1    2   18    7   18   10    4    8    9    8   16   18    4   16   20    2   11    1    4    8   12    1   16    9   18 
  19    9    5   11    9   14   14    1   11    6   17    1    2   14    0   19   17   13    8    9   16   11   10   17   18    7    9    1    8    2   15   17   13   18    7    2   17    1    1    0    4    9   13    7   10   10   15   17   18   15   20    6   16   19   12 
  16   14    3    6   18    2   14    6   13    9   18    2   15   16    6    0    3   20   18    8    3    1   16    7   16    8    5   17    9   12    8   16    3    5    9   18   17   15    0   14    3   13   14   14    6    2   14    6    7    5    5    2    3    2   13 
  16    8   16    1   18    6    7   12   19    7   14    2   11    3   18    1    0    7    8    2    2    7   18   14    7    3    8    3   12    8   18   13   13   11    6    8    9    6   17    8    4   11    8   18    7    5    0   14    3   11   10    8   14   11   20 
   0    7   13    2    3   20    7   13    8    4    7   15    3   10   12    3   16    0    8   15   17   14    1   12   12    6   19    8    9   11    7    7   14    2   14    5    0    6   18   11    1   13   16   15   13   12    9   19    6    3    6   10   15   18   18 
   1    2   13    2    5   12    3   20   14   19   17   15   16    6   14    5   15   15    0    6   13   14   18   16    4   10   16    4   12   12   10   10   13    8   14   11    1   13   15   16   19    7    3   16    1   14   10    2    6    3   16    4    8   13    3 
  12   10    7    8   17    2    6    0   18   16    8    1    2    7    1    1   17   13   14    0   12   11   19    1    9    4   18    1    2   14   10   11   14   15    0   14    9    7   16    1   12   14   15   19   11    8   14    8    4   15    1    5   10   17   14 
  13   14   11    6    0   14   19   11   20   16    9   18   18   20   17    1    6    9   11   19    0    0    6   18   15   14   12   15   15   11   17   15   18   15    4    8    1   16    6   14   19    9    7   16    6   20    6    1   11   14   12    4   14   12   15 
  14   10    3    1    7    4    7   14   15    6   14    1    1    5   10   11    9    9    4   17   12    0   14   14   16   13    1   19   10    6   13    2    9   16    6    9   14   17    4   11   10   10    4    0   18   12   16    4   14    2    7   14   12    7   19 
   2    6   11   10   12   11   19   12    9    2    4   13    9    0    3    0   20   15    5    5   16    7    0    2    9   19    0    6    2    7   11    4   17   11    5    9   13   18    2    1   14    3   20   14    7   13    0    6   13    7    7    3    5   10   12 
  14    4    3   20    2   16   11    0   13   11   13   17   16    1   17    0   15    7   12   18   16   15    4    0    7    8   20   12   15    0    5    7    3    3   15    8   16   17    5   17    0   16   13   10   15   15    8   15   10   12   19    8    4   16   13 
   5   19    7   12    2    4   15    6    5    4   12   17    2    8   18   16   11   15   14   11    9   17   13    7    0    7    8    4    7   20    1    4   19   12   16   18   15   20    3    2    9   14   11   18   12   15   19   15   14   17    5   11    1    2   11 
   6    7    9    7   17    7    6   10    6   16    8    5   17   15    2   13   17   18   11   15   19   19   10   11   18    0    2   18   13   13   18    5   13   10    2   16   20    9   19   12   12    5    3    7    4    5   17   18   11    6   17   13   11   17    6 
  12    8    6   15    2    1   15    1   10    8    4   14   17    3    7   16    6    3    4    5    1   18   11   19    6   18    0   19    8   17   10   13    9   12   15   16   14   17   19   14    1   10   14   18    2    9    7   11   20    5   13   14    9   17   18 
  10    6    9    4    4   15    6   14   19    1    4    0   18   13    4   16    7   10   11   20    6    3    8    5   15    9    6    0    5   17   19   17    1    5    8    6    1    7    3   17   10   13   20    8    5    0    5    2    0    9   20    0   17    1    5 
  10   19    1    3   10    4   14    2   17   10   10   17   12    6    8   18   17    9    1    4   12   16    5    5   12    0   10   19    0   11   13   10    2   10    9   17   15   11   16    5   10    1    7   12    1   14   18   14    6   18    8    5   14    1   17 
   7    4    2    2    8    0    9   11    7   12   12   17   14    8   16    1    8    9    8    1    4    7    5    8    5    7   15    8   16    0    5   13   16   16    6   16    0   18   18   19    8    3    9   17    6    4    7   11    9    8   13   14   20    1   19 
   7   14   12   18    3   18    5    2   12   15   10    4   19    5    8    5   17   18   11    2   13    9    6   19   12    9    4    5   12    1    0    3   16   14    7    2    5   14    8    3   17   11    6   14   19    8   10    2   19   10    1   10   15    6    1 
   4   16    7   15   20   14    5   18    3   10    9   10   19   15   15   17    9   15    8   10    2    2    8    3    4   11    8   12    9    2    5    0    6   16    5    0    3    3    5    6   11   19   14    8   19    0   15    5   16   19   11    5    0   14    1 
  19    6   14    6   12   13    4   18    1    0   11    2    1    8   18    9   11   18    4   12    3   11    1   16   13   11    5    8   19   11    0   16    0    8    5    9    2   15   19    3   15   16    4   19   19   13   18   19    7    1    6   20    5    0    5 
   2    6   13   11    3    1    4    3    2    1   13   13   12   16    4   14    4    3   15    2   19   19    8    3   15    3   20   14    1   19   12    9    6    0   18    1    3   19   15    6   17   17    6    0    1   16    8    6   10    7   12   16    3    7    8 
   8   10    8   15   14   12   18    6   18    3    8   10    5   16    7   10   11   19   18   15    6   11   19   13   20   14   14   15    0   12   10   17   10   13    0   11    6   18   10    3    8   15    3    9   12    7   15    1   18    1    1   11    2    8   12 
   2    9   16   19    4   13    8   17    6    6   10    9   15    4   15   12    0    2    9   16    7    0    6    0   10    8    8   18    7   12    8   13   17   18    2    0   11   19   16   17   16    8   19    3   18   15   10   13   13   13   19    6    7    9   18 
  18    3   20    3    0   20   18   18   14   16   20    0   13    4    5   16    4   12   11   16   18   11    2   19   16   13    3    1   20    7    2   13    5   17   11    5    0    9   13   14   15   16   15    7    5   20    0   13   10   11    8   11    3   12    0 
  10   12   12    3   18    8   17    8   19    2   17   19    5   20   16    5    4   10   12   14    2   19   11    2   11   11   15    9   10    4   18   19   20    5   18   14   19    0    1   18    4    9   13   19   13   20    6   15    6    4   15   17   13    2    2 
   9   12    3   14    6   14    5   10    4   16   12   18    5   17   16   13   10   18    9    6    8   13    9    7    1    6   14   18   13    9    8    9    4    1    5    8    9   19    0   13   12   16    0   15   14   12   12    4    4    9    5    3   20    3    0 
  10   12    4    7    7   20    9   17    3   15    2   16    2    5   18   18   14   15    9    8   13    8    7   20   13    3    8    4   18    7   18    3    7   12    8    5    8    4   13    0    6   14    1   17   10    4   16   19    3   20   14    5   10    4   12 
   4   15   18    3   12   16    2    6    2   15    0   16   16    5    1    9    2   15   15    2   11   15   12   17   15   11    7   18   15    4    7    3   17   17   19    7   17    6   17   14    0   13    8   17    6    0   17    9   11   16   18   11    4    6   15 
  18   13   15   10    2   11   10   13   18   17   19    4    8   11    7    3    2   17    3    2   12    7   12    6   12   12   13    8   13   20    1   18   12   15   12   18   15   17    2    3    5    0   14   13   18    5    7    8    5    7    9    3    9    6   18 
   9    0   16   18   11   14    7    4    6    7   19    4   13   17   11   11   12   12    5    7   11    8   12   18    2   14    2   18    5    8    0   13    1    2    6   19   20    1   16    9    1    7    0   14   12   17    1    6   20   18    2   16    7   10    7 
   3   12   15   11    1   16    1   19   10    2   12    6   15   10    1   15   18    6   10   11    9    6   17    7   12   19    3    6   13   14   15    6   12    6    9   19   11    0    6    2   18    2    9    0   18    1   20   18   18    3   11    0   18   18    7 
  19   16    8   13    8    0    9   15    9    3    8   15    8    4   14   17    3    8    1   17   17   15   17    5   18    6   11   19   12   14    8    9    2   19   17    1    6   16   12    3   13    1    4    3    0   18    7   13    4    4    7    6   14    3    7 
   5   10    7   10   20    7   12    8   13    9    0    3    5    3    9    9   12    1   19   18    1   17   14    4    6    2   11   18   11   13   13    1    7   13   13   18   12    6    9    6    1    7   19   13    7    0    2    8   14   16   19   14   12    3   18 
   6   18    2   11    0   12   13    8   18   19    3    5   14   12    1    7    2    6   13   10    4   15    8   10    4    3    0    9   12   14    3   16    3    1    4    3    9   15    1    6   15    9    2    8   13   10    0    8   11    9   17    8    1    2   18 
   1   13   13    1    6   15    1   20   18    4   19   18    5   10   11    8   15   19    7   10    1   12   13    3   20    3    4   19    4   17    7   11   15   16   18    6   15    2    1   15   17   10    3    4   12   16   17    0   18   16    2   11    5    5    2 
   2   10   19   13   11    6   16   14    4    6   19   11    3    8   13   18    7    7   15   16   17   17   10   13    4   10    0    4   10   12    7   12    3   12   18   10   18    2   11   12    2    1   12    8    4    5    6   11    0    9    9   13    0   11    4 
   7   10   19    8    1   13    2    9   18    2   19   11   19   15   16    3   16   14   19    7    3   20   14   18   15   12    2   15   17   11    2   19   12   10    5   18    4    8    0    4    5   14   10    3   12    9   12    2    5    0   12    3   12    4   12 
   7    1    3   11   11    1   16   17    6    3   11    1   17    3    5    3    4   16    8    4   13   15   18    9    9    6   16    4    0   11   13    1    8   13    6    3    7   11   15    1    2    5    3   14   13   10   14   12   17    9    0    6   15    1   13 
   6   10    7   20   13    5   14    3   13   14   12    2    6   10    1   19   16   17    6    6    3   18   14    7   17   14   18   13    0   17   16   15   18    5    6    5   11    7   18   12    7    1   14    8   14   18   16   11    1    7   19    0   20    9    8 
   0   18    2   11    6   16   18   15   19    1   20    3   15   19    1    1    1   11    1   10   17    2    6   12    5   14   18    2    6    9    7    4    8   19    8   12   11    6   17    4    7    4   10    4   20   14    3   17   10   18    5    6    0    7    0 
  13    6   11    7    0   14    8   18   12    7   15    0    0   20    3    1   18   18   19    2    3   15    5   17    6    3   13    4    5    0   12    3   16   11    5   17    3   10    7    9    5   18    6    3   10    3    5   15    2   18   11    7   14    0   13 
   7    3    4    5    8    3    5   18   10    7    9    8    2    5    6    9   14   17   19    4   20   11    8   13   16   15    8    6   10    2   15   14    4    7   20   12    7   14   13   13   12    3    1    7    4    6    1   10   10   19   14    4   16    8    0 
