  75  0    0   PROB755.txt    H    L    N
 122   24  103  109  122   70   83   56   60   71   95   81   89   84   86   78  105   91   96   77  103  166   89  112  125   66  113  110  116  135  122   37   73  103  126   92   81   97  128   83  131   83  121   63  170   78  137   95   96  130  143   82  101   68   80   61  118   88   58  110   96   85   83  114  114   92   86   89  109   74   74  123   67   84  102 
5809 5811 5821 5830 5831 5856 5862 5875 5893 5898 5924 5948 5979 5983 6003 6005 6006 6023 6026 6036 6089 6097 6157 6226 6269 6387 6388 6389 6391 6403 6469 6484 6491 6509 6520 6522 6584 6620 6646 6651 6709 6751 6762 6777 6903 6922 6929 6936 6958 6985 6995 7008 7012 7034 7044 7053 7076 7096 7105 7124 7132 7138 7175 7210 7218 7219 7251 7251 7281 7313 7326 7326 7361 7362 7389 
   6   16    3   11    4   19   12   14    9    1   15   11    8   20    9    1    1   12   18   14   17    9   10   13    7   19    7   14    1    7    6    2   11   14   20   14    2    5   14   19    9    2   19    0   15   15   13   18   15   11   15    6    6    2   14    5   13   18   18   15    4    9   15   19   15    6   15   18   16   13    3    8    2   13   17 
   0    9   17   15   15   17    5    4    9   17    7    2   10   16   17    4    5   16    5   16    2   18    3   17    8    4    9    6   14    6   19    1   19    8    6    3   16    6   16    9   13   15   19    6    3    7    9   11   15   17    2   14   13    8    8   16    9    8    8   12    2   12   11   18   16    2    2   14    9    7   19   20    7    9    1 
  18    0    9    9   15    2   19    4    6   19   17   16   10    5   11   11    7   16   10    0    7    6   15    4   13   11   13   19    8    2    6    4   11    6    7   18   10   15    3   11   18   12    7   15   16    1   18    8   19   14    5    4    3    8   18    7   14    1    1   18   11    7   17    6   15    2   18   16    2   15    6    3    2   11    3 
   7   18    0   14   18   11    7   19   18   14   13   19    4    1    6   17    8    9   15   14   14   20   16   18    8   12   10   11   17    3   19   20    6    5   20    7    4    8    5   11    6    3   20   12    5    6   14   12   13    6   16    9    2   14   19   19    3   13    1   18    9   12    3   16   19    9   14    7    0   13   10   17   10    7   18 
   7    0   13    0    5   14   12    1   18   13    4   17   10    9   15   18   14   10   11   19   19    4    4   14    3    8    9    2    7   17   15    9    3   16   10   16   20   19   19    3   17   15   19   12   15   20   19    2    1   11   10    4    2   16   10    7    8   15   17   15   11   17   13    4   12   16   18   16    8   14    5   13    5    7    3 
   1   17   12    4    0   11    2    8    4    3   19   13   19   16   19   17   19   13    1   20    2   17    3    7   18    8   15   10    5    1   15    2   16   13    3   19    3    7    7   15    8   10   11   19   18    3    4    8   17   15    5    7   17   12   18   13   19    3   12   19   10    5   10   19    4   18   15    9   13    5   11    6   11   15    4 
   2   13    4    1   10    0   15    7    3    9    3   18    4    0    5    6    2    1    2   16   18    8    5   12   13   15   12   16    9   13   16   20   16   10   19   12   20   16    8    7    7   11    8   19   17   11   10   14   11   13   14   20    0    6   20    2    4    2    6    2    0    1    1   16    2    0    9    4   14    2    4    9   15    4   16 
  14   15    4    5    2    4    0    8   19    8   12    7   14   10   16   17    5    3    5    0    3    5   11   13   12    8   15   12   20   16    2    8   15   14   18   18   13    2   12   12   18    0   14   10    0   10    9    6    2   12    1   14    1   13   11   16    1   17   17   16    7   13    7   16   11   17   17    7   18   10    7   14    9   17   17 
   3   17    1    6    7    4   10    0    8    6   18   11    3    0   14    5   16    4    3   14    4    9   16   10   16    5   19   19    5   12   17   18    3    3   11   18    5    4    9    2   13    6   17   19   19   10   14   11   11    5   18    4    8   13   13   13   15   13    1    3   16   16   17   15   20   19    4   11   15    9    9    6    8    1    9 
   7   13   18    7    1   14    7    2    0   15    7   18    4    2   15   13   13    3   16   14   15   20    8   17   18    5    7    1    1   20    5    1    4   13   17    4   19   16   11   15    4    2   10   10    8   18   13   19    6   19   16    3    5    8   18    2    3   16    1    4    9   18    3   19    2   12   10   17    2    4   20   10   13    1    1 
  18   18   16    7    2   17    1    7   19    0    4   19    3    1   17   14    5   19    2   16   18   11    2    9   13    3    1    0   15    3   13   16   20    7   11    7   14    2    9    8   15   11    6    2    0   17   11    5    3    4   16   15   14    2   15   10    1   12    8    0   12   10   11    9    3   18    6   16    7   18    1    7    5   14    6 
   2    8    7   12   13    2    3   13    4    7    0   10    1    9   12    2   12   15   19    1   11    2   17   11   10   20    1    0   18    0    1   15   19   13   16    7   13   20    1    9    1    3   19    2   14    2    2   16    9   15    7   18   12    2   16    3   19   14   10    8    4   11   14   20   12   17    0   11   18   19    5   10   16   11    9 
  10   11    6   16    0   10   15   20   10   20   17    0    3    2   16    0   10   15    8    9    3    6   16    5   14   19   14   12    6   13    3   10   16    2    6    6    1   13   14   13   17   18   10    5    3   17   15   11   13   10    0   19    5    6   20    9   17    6    7    1   16    7   16   15   20    3    5   14    1    3    2   13   10   11   13 
   5   17    8    7   19    3   15   15   12    2    2   12    0   10    6    9   17    3    7   12   17    6    1    6    3    1    5    6   18   12   19    8    6    8   18    7    4   10    4   20   11    6    7   11    6   17    2    2   12   18   14   17   10   20    7    9    8   16    7    6   15   17   20    4    5    5   17    0    4    5   18    1   15    8   15 
   9    5   14   18   14    1   19    4   18    7    7    2   17    0   19    0   16    1   11   11    1    5    4   14   12   17    0    8    4   16   13    3   11   11    7   13    5    5    9    2   10    3   17   16    9    4   20   19    4    4   11    5    6   16    7    5   12    4   10   10   12    5    4   13   18   12   14    6    2   12    0   10   10   11   19 
   3    3    4    4    1   12    4    5   16   18   11    2    3   15    0   10    9   10    5    0    7    4    7    4   12    3   12    8   19   19    8    4    9   18   15   14    5   16    8   15   13    2   11    6   11   20   16   16   19   19   16   17   12   17    5   20    6   13    4   17   16    3    7    5    4   10   10    9   14    7   15   13    2   14    1 
   0    7    9    2    8    1    1   14    8   17   20    4   13   19    7    0   16   19   12    4   17    9   16   18    5   13    9   14    1   11   20   10   13   20    9    1    7    2   17    7   20   13    8   14    8   19   10   16    4   18   19   16   15   12   10   20   13   11   20    5   15    1   11   14   19   13   10   14   12    0    7    3   19   16   13 
  15    2   15   14   18    2   19    1   17   17    7    7   15    2   18   13    0    3   14   11   14    0    1    7    3    9   19    8    1    8    2   19   16    1   11    1   13    1   18    1    5    3   18    0   16   18    9   14   14    1    9   12   16    5   14   20    9    2   10   19   19    5   11    4   18    4   10    4    5   18    5    5   15   12   15 
   1   13    3   19    4    1    0    2   15   11    7   11   10   14   17   14   16    0    4    8    1   12    3   12    2    3   15    1    2    5    8   18    2   10   14    9   18    2    2    9    8   16    9    6    5   20    2   18   16   12   19   17   17   18   18   16    4    2    1    4    6   13   14   13   13    5    7   20    4    7   18    0   12   14   18 
   8   16    9    8   18   13   17   16    7   12    8    5   18   10    1   14   19   15    0   15   14    3   14   13   18    5   18   15    7   14   11    8   14   17    4    4   17    1   19    1   10    1    3    9   12    6    5   15    9   12   10   18    4    1    7    0   10   18    6    8   17   12    0    1   17    9    8    5    6   14   10   15   20   14   16 
   5   10    9    5   15    7    2   15   12   13   14   10   14    7   14   13    3   16   10    0    4    2   13    5    3    4    3   20   16   14   13    7    4    1    5   16    8    0   16   10    8   18   10    3   14    3   18   13    2    7    5   14   11    8   18   18   16   18   20   10   19   12   14   11    4   14    8   20   17    7    8   13   15    5   14 
   1   20   14    8    7   14   12    1    9    3    5   15   12    0    2   14    1   14   16   10    0   17   12    3    2   11    0   16    3    9    7   10   18    4   19   19    8    2   10   11    1    6   16   18    9   15   19   16    5    9   13    5   15    6   20    2   14    6    5    3    0    2    7    2   18   19    1   16    0    0   18   17    9   16   19 
   8   16    0   19   14   13    9   10   19   12    7   18    7   13    3   18   14    4   13   12   14    0   11    2    2   16   13   11   11   16   11    1    8   17   19   20   14    9   13   19    4   14    4    4    8    2   12   11    2   14   18    1    8   15    5   13   12    1   18    1   13   13   20    6    5   17   14    7    4   12   20   14    8    5   17 
  16    6    7    7    7   20   11   18   16    4    2    2    1   14    8    4   19   13   16   15    8   11    0   11   15    8   19    3   11   13   19   14    7   11    3   10    2    6   15   12   12    2   12   17    2   13    1   11   13   10    4   16   14    2   17   17    4   13   20   12   10   13    2   17   10   19    6    9    6    4    9    5    8    2   10 
   5   11    6   17   10    8   10    3   11    6   17    9   19    5    1   20   15   13   19    7   17   15   19    0    0   19    1   12   19   12    1   13   17    6    3   19    5   10   11    5   11   16    0    4    9   13   15    1   15    6   14    1   19    9    6   14    4   18    6    7    0    1   18   17   19    9   12    4   11   19   19    6   18   10   20 
  10   17   14   16   19   13   17   15   19   19   18    6    3    8    8   16   15   16   19    8    9   14    6   12    0   15   14    8    8   17    8    7   12   17    1    7    7    4   16   14    7    3    6   14    5    8   11    9   19   16   16    7   14    2    2   15   14   13   14    3   17    1    0   19   20    3   14    6   11    2   17   17    1   11   13 
  12    6    4    0    7    2   10   12    9   13    1    8   11    2   16   14   15    7    9   13   15   19   10    1   12    0   17   17    4    8   12   18   13   15    4    1   19    6    9   14    8   20    2   17    1   18    4    5    9   15    8    2   18   19   18   18    5   13   15   15    9    4    9   19   19    7    3   12   15   14    8   18   16    5   16 
   4    0    7   11   20   13    3    9   18   18    7    5   10    0    2    0   13   19   17   15   10    0    4    0    4   10    0    2    6    5   16    9    9   20    9    0    6    9    1   13    4    7   13   13    8   14    9   10   15   16    4   15    4   16   12    5    3    4   19    6    9    6   11    4   12    3   10    8   10    6    2    5   15    0    6 
   2   11    3   18    2   10   18   14    5   10   17    1    9    5    0    3    0    6    9    9   19   17    8    8    1   16    2    0   16    1   19   14   18    8   20    7    8    8   13    4   14   16   19    8   15    1    6    8    3    2    2   20   12   12    7   12   19    5    5   12    6    3    7    7    6   12   19   12   18    3    6    2    1   10    9 
  16    9   13   12   18   16   11   13   11   13    6    7    0   12   19   10   16   20   14   14   15   13    8   12    2   17   10   15    0   18   13    4   11    4   16   15   18    3   17    9    5   13   12    7    1    1   14    4   11   10    2   11    9    8    6   11    1    7    9   13   10    7    9    9    5    1   20   14   14    7    7   17    0   16    5 
   2   15    2    5    1   16   14    7   15   19    1    4    7   10    7    1    5    8    3   15   17   18    7    5   12   11   15    0    1    0    6    3   20   11   18    7    4   18   17    1    7   16    4    9    8    5   14   11   13   12   12   10   11   12   14    5   17   16   13    2    5   18    0    7    4    8    6    9    7    6   12   10   12   10    9 
  16    4   16   18    6   11    1   10    8    5   14    4    8    2   14   13    5   13   13   14    1   10   17   15    1   10   17   16   12   19    0   13    6    3   10    8   17    7    6    8    2   19    1    1   12    2   12    3    9    7   12    0   13   10   19    5   10    5   14   14   18   20   20   11    8   11    8   10   16    3    7    6    2    3    9 
   0   11   16   18   17    5    9   10    6   10    7    3    7   20   11    1   16   12   12   18    2    2   14    8    5   20   18   16   15   18   17    0   19   10    9   18    8    9   18   14   17    5   20   12    3   13   18   12    2   11   16    3    5   12   17    0   11    6    1   13    0   14    9   16    6    7    9    1   11    4   14   12   15   14    2 
  17    9    9    4    4   15    4   17    6    1   11    4   13    3   18   18   11   17   15   18   19   12   12    7   13    4    4   15    2   18   14    0    0   10    7   14   19    7   13    5    1   13    2   18   10   12   17    6   11   11    4    8   14   16   10    1    4    4    7    0    0   19    6   15   10    5    1    7    5   14   14   13    0    5   11 
   1    8    7   13   19    5    1   18   17    6    5   16   10    2   13    3    5   17   12   14    2   13    2    6    6   17    1   14   17   18    4   18   14    0   12   15    5   15   18   17    8    7   12    1   18   15   11    6    6   19    2    3   10   20    2   13    6   11   19   15   19    9   16    5   19   17    7   15    4   16    2   15   16   12   14 
   7   14   12    2    1   17    7   15    3    1   14   17   11   10   14    5   10    5    7   11    5   13    1   11    9   11    9    7    5    3    4   17    8   10    0   11   18   12   17   12    6   14   10   12    7   11   12    2    5    4    6   18   19   15   12   18   15   15    8   18   18    1    9   14   12    3   20    4   16    4    3    9    7   19    9 
   1    5   10    2    2   20    9    1   11   14    3    5   18   15   20   17   11    4   11   20    3    1   12    9    8    3    5   11    2    2    1    7   12    9   17    0   20    6   17    8    2    6   13    9   18   12    3    9   14    7    4   13    9    6    4    3   14   12    7    3   19   14    1    6    4   19   13    1    0    8   12    2    8   20    2 
  10    4   13   15   10    5   13   17   13    5   15    6   13   11    8   18   19   10    3   11    3    6   13    5    5   13    4   17   20    4    5    2    9   14    9    2    0   16    4    0    6    7    7   11    8   14   19    9   10   17   18   18    2    0    6   11   12   15    5    4   16   10    2    8    1    6   10    4    7   10   20    9    7    2   13 
  15    0   15    4    7    6    1    6    5   17    0   14   18    2    8   13    5    8    4   17   14   17   13   13   13    2    1   18   12   14    0   18    1    2   12    9    1    0   18   18    7   14   11    7    2    3    4    5   19   13    9    6   10    4    6   15   18    6   13   14    2   12    0    0   11    5   20    8   15    2    1   11   13   10    7 
  15    8    5   18   10    7    7    8   11    7    5   11   18   19   16    5    1    5    9    6    9   17    0   18    2   16   16    2    0    7   10   19    5    9    7   12    9   16    0    5    3   16   15   12    4   14   16    4   11   13    1   10    8   10    2    8    1    8    1    6    6    8   10    5    3    9   10   17   17   15   15    6   19    5    8 
   8    1   12    4   12   13   10    8    8   12    7    3   11    2   14    4   16   12    7   18   16   11   19    2    8    1   19    3   19    7    2   11   15   18   16    6    0   13    7    0    6   11   10   15   10   10   18    4   12    3    9   10   15   10    1   16    8    1    6   13   14   19   15    7    7    6    5    0   12   16    5   11   13    6    4 
  13   10   18   20   17   10    8   15   14   16   18    5   10    6   10   18    3    0   18   10   15   13    1   10   14    2    4   13   14    8   12   18   10   19    6    2   14    4   18   19    0    5   12   10    9   17   15    1   12   12   13   12    9   19   20   18    4   18   19   10    6   15   15    6    0    5    3    3    2    1    7    9   17   20    7 
   4    0    4   13    5   18    2    1    5   17    8    4    8   20   16   17    4   11    3   16    5   18   16    5    2    2    9   12    7    3    8   13    5   19   16   16    6    3    6    8   13    0   19   17   16   19    8   14   12    3   10    8   15   19    5   16   17   11    9   14    9   13   11    1   19    4    7    8    2    4    1    7   18    9    7 
   3    9   10   13    5   19   19   19   15    4   18    4    8    5    1    1   14    6    6    1   18    2    1    0    6   14    4    6   19    1    8    5   13    9   13    6    1    2    1    1   17    0    0    8    2    2    1    1   18    2   12    1   11   18    0    4    0   11    2    1   11    3   10    1   19   13   16   10   11    3   16   13    5   18   10 
  13    3    3   13   19   13   15    9    6    1    1   17   13   13    2   20    8    1    5    1    2   13   11    0    1    2   16   19   17    2   14   15   16    8    2   15    6   12   18    8    3   10   13    0    8   20    2   17   10   13    3    3    9   15    8   15    7   20    3    7    4    6   10    2   17    1   13    1    5    8   17    9   10   17    6 
  10   19    9    9   17   12   19   17   11    0    5    2    0    7    6   15    5   10    7   13    6   15   10    7   20    0   17   13    2   18   19    1    4   19    1    8    0    1   18    3   17   11    4    7    0   11    3   13    1   18    5   13    5   14   17   16   15    9   19    0    8    7   10    8   11   10   11    5   10    5   19   16    8   14    0 
   8   16    1    7    6   10   18   18    2   15   18    6   11    7    6   17    8   18   11    2    5   13    1    5   10    7   12   16   13    5   16    1    6   18   12   15   13   12    6   13   20   16   11   13    1    0    2   14   19   14   14    5    1   16    4    2   19   15   15   14    6    7    3   18   17   16    9    1    1   11    3   11    8    3    0 
  20   14   15    7   20   10    7   11    8   13   15    2   15   10   18    7    3    9    6   15    5    9    0    8   17    7   18    1    6   12   17   15   16   18    6    5    4   11   19   12   15    6    6    1    9    8    0    0    2   14   10   11    0    5   14   18   13   15    9   14    4    4   14    5    0   19    5   16    1    9    3   14   11   17   12 
  16    2   19   18   12   18   11    3    5    3    1    9   18   15    2    5    4    5   16   15    1   17    4    7   19    6    1    1    9   18    9    4    8    4   15    4   19    5   13    3    9   16   10    9    2   10   10    0    2    1    7   17   17    1   17    4    8   18    1    6   20   13   15   14    3   20   11   19    1    6    7    4    9    5   17 
   7   10    0   13    0    1   16   20    1    8   13    2    2   14    1   16    2   19   14   18    2   16    5    6    8   19   11    2   16   10   17   19    5   19    7   12    9    5    9    1    7   10    1    2    4    4   18    8    0   12   16    9   12    6    9    4   15   13   19    5    3   13    6   11   18   15    8   19   19    2   10    1   14    1    4 
  19    7    2   16   11   11   17   11    9   14    1   13   12    7    9   13    3    6   15    3    1   11   14    1   13   18    7    3   13    2    1    5   13    4   10    7   15    1    2   10    7    4   15   14    2    8   10   10    2    0   10    6    8   16    8   19    3   19    2    3   18   14    9   17    6    1    3    3    3   18    7    1    2    2    6 
  17   10    5    4    9    6   13    9   15    9   19   16   15    8    1   15    1   17    8   10    1   15    4   16    1   13   17    4   11    2   13    3    5   15    4    0   20   19   14   17   12   14   15   10   19   14    6    1   17   18    0    6    5   20    9   19   19   16    3   16    2    3   10   17    9    2   10    7   20    3    3   19    2    5   10 
  16   18   19    3    2    6   10   14    4    3   17   12   19   19   18   10   18   16   11    8    9   16   17   12   17   14    0   17   15   14    1   18    9   19    7    7    5   17   10    8   12    2    3    1   19    5   19    6   16   14    0    0    5    6   14   15    2   15   12    7    2   17   13    6   15    4   13   17    5    8   15   13   17   11   14 
   0   19    5   12    6    9   12   16   19   18    8    7    8   17    3   18    1   13    6    7   10   15   14   19   18    3   14   10   11   10   10    3   10   15    8    5   16    5    5   10   13    6    9   17   18   19    6   17    2   17   18    3    0   17    9   20   20    7    0    0    6    3    7    4    6    2    8   20   14    6    7    5    7   17    6 
   9   13    5    0    7    6    1   10   14    3    3    6   15   17   11    5   18   19   10   16   10   18    7    0   12    6    5    8   12    4    3    8   10    2   15   11    5    7    8    7    9   15    8   19   17   11   16    0   18   16    5    1   13    0   19    3   13    9    6   16   12   13    2   18   12   13    8    8    8   14   17   12    9   12   17 
  20    4    8   10   11   20   19    6   11    3    7   18   17    5   12    4   19   12    6    1   13   12   15    9   12   11   10    5   13   11    1    4   20    5   19    5   13    7   13   10    6   10    3    6    8    7   12    6   19   12    4   11    0   11    0    0   10    8   14    4    0    5   20    0    7   19    1    3   17    6    3   18   12    3    9 
  16    1   12   17   13   19   19   11   12    2   12   11    7   18   12   20    3    8   14   17    3    6   12   15   11    5    9   12   10    2    9   14    3    8    4    7   14   19    9   15    9   12    4    4   18   17   15   18    8   12   18   12    5    2   19    0    2   15   11    7   10   19   17   18   15   19    5   10   11   17    8   12   13   18   19 
   7    1   20   11   14    1   11    8   12    9   16    6   15   17   12   13   12    1   13   10    1   17   12    9    4   18    7   11    2    3   19   15   11    6    4    8    7    1    6   11   19    9    7    8   11    2    0   16   13   10    0   16   14   12    3    4    0   20    4    0   11    4    8   12    6    4   17   16   13    4    4    7    1   10   12 
   7    1   11   12   11   16    5    7   18    6   18   14   13   19   13   17    9    9    8   10   15    5   10   11    5    2    1   10   11   18   11    7   15   12    3   15    7    8   14    6   18    0   11    9   13    8    6   17   20   12   13    4   12   18   19   10    1    0    1   15   12    1   20    3   13   19    5    8    1   15    9   18    0   16    3 
  14   13   10   19    9    2    3    4    0   16   16    6    4   12   13    9   13   11   10   18   13   13   20   10    4   12    5    1   12    5    7    1   18   18   15    4   18   17    7   11    3    4   13   10    9    4   13    7   18    6   17   17    3   13    0   17    9    6    0    4    5   13    4   11   15    8    4    2    7   12   17   13   10   18    1 
  10   11    1   13   12   10    7    2    1    0    1   10   13   20    9   19   15    1    4   10   14   18   15    9    9   14    7   10   14    9    2   12    7    5    8    1    1   11   20   17    6    9   16    3   10    8   14   19    8   13   16    6    9    7    6   10   11   20    7    0    5    3    5   20    5   10    7    0    4    3    3    4   17   10    4 
  20    8   18   17   13    4   19    6    8   10    1    2    1    5   18    9    1    4    7    1   17    7   15    1    8    9   15    8   15   14    4    0    7   12    4   18    8    3    9   12    6    8    4   18    4    0    3   19    1   15   10    6   18   20   18   11   18   20   16    4    0    6    8   10   15   15   18    1   14    5   17    9    6   11    2 
   2   10   18    6   10    6    7   11    3   16   10    4   17   19   19   20   11    9   16   18    6   20   15    1   15   19   14    8   11    9    4    5   18    4   10   15    5    2   20    5   16    6    7    3   18   15    3    1    4    9   15    5   12    3   18    8   13   13   15   12   14    0    6    4    3   18    2   19   18   16   15   18   14    2    2 
  17   13    5    6   18   12    4   10    2    0   12   17    7   10    5   14    9    9    9   16   15    9   17    7    2    9    4    5    9   13   19    6   14   19    4    0   12   19   20   15   17   10   19    9   19    6    7   19    5    8    5    8   14   20   13   13    6    9    5    5   10    8    0   12    8   13    2   11    6    2    9   20   17   13    2 
   1   16    8    8   19   15    4    2   12    2   15   11   18   13   18    5   19    6    1   19   17    5   10    4    3    9   12   16    2    5    8    2    3    6    3   18    6    2    4   20   16    2   10    6   14   19    3   14   16   14   19   13   17   15    5   11   17    9   15   16   14    4    2    0   14    6    4   10   12   15   20   11    2    1    9 
   3    1    1    4    8   15    6   10   11   11   18   11   19    9   19   10   13   18   13   14   16   19   10    8   14   11   14   18    4   12    7   17   16   12   13    6    8   17    3    9    9   17    0    2   19   14   14   11    4    7   12    8    1    9    1   15    1   19    4    7    2    2   11    7    0   13    7    5   20   13    3   14    5   19   17 
   9   16    1   12    6   14    7   14    1    9    3   18   11    5   13   19   13    6    6    8    9    5    0   12    6   17   19   14    6   15   18   11    2   15   17   14   16   18   16   14   17   10    4   10    4   17   11    1    0    8   13   16    8    3    1   15    4   15   17   19   12   17   20   13   13    0    5    3   16    4    2    2   10   17    5 
   0    8    9   15   18   14    0   10   14    1    1   16    2   20   16   18   10    1    9   10    0    9   15    5    7   18    6    6    8    1   11    2    5   19   15    7    8   18    7   20    6   20    6   15   15    7   10   16   16    8    8   16   20   19   18   13   13    4   14   19   19    3   17    0   14   19    0    9   16   14    8    3   16   10   15 
   1   15    7    7   15   18   10   13    8    6   11    2    2   15   12    2    4   19   16    6   10    7   13    0    6   15    5   19   14   14   13   16    8    1    8    8    3    6   11    3   17   19    9    5    3    8   15    0   18   10    9   14    9   19    9    7    7    6   11   12    8   11    1    5    3    8   12    0   17    9   16   16   14    9    0 
   0   20    8   18    5    6   14    3    2    1   17    3    3   17   16   11   13   12    0    3   13    2   12    5   16   18    4   15   13   14   15    8   18   16   16    2    4    6    7    3   17   17    1   10    1    9    3    5    3   13   19    1   15   14    4    5    8   15    2    4   11   12   20   16    1   11   17    1    0    9    6    8   11   13    5 
  13   16   11   10   11    0   14    8   11    1   20   14   19    8    4    8   20   13    6   18    6   10    0   15    4   13   15    4    3    0   13   13   16    4   19   10    4   16   13    9    4   11   12    9    2    3    7   18    6   17   13    9    0    0   16    0   11    9   17   13    3    8    8    4   10    0    5    1    3    0    6    7    3   12   13 
  15   19    2   11    4    9    4   15    3   19    1    7    5    1   16   19    2   13    3   14   10    8   19    6   12    0   10    5   11    8    5   19   16    3    0   13    6   19   15   14   15    2   19   19    2    2   13   18   19    5   16   15   14    7   19    0   17   12    9   18   12   11    0   16   11   16   20   13    1   12    0   11   10    8   14 
  14   10    1   11    1    8    1    8   19   13   11   14    6    0   10   10   12    3   18   16    3    0   12    5   19   17    5   15   13   20   15    3   10    9   15    9    7   13   13    1    5   17    3    1    4   12    7    1    7    1   10    5    9    0    9    9    8   15    2    7    6    4   19   17    2    2   16   19    7   13    2    0   14    8   15 
  19   16   12   15    5    3    6    1    6   16    5   19    8   18    9   10   10   17   12   17    3    3   14   13    0    2    7   16   15   17    1   20    3    7    6    4    4   14   19    1   11   16    8    0    3   20    5   20    5   17   17    2    3   20   15    4    5    7   11   14    9    9    6   16   11    2    9    3   11   11    7   12    0   15   18 
   0    3    6    4    6   17   17    3   10   15   18   16    6   15    7   19    4   13   13    2    5    2    8    2    1   16    3   15   10   10    8    3   16    0   19   16    8    7    9    2   13   11   19   11    7    2   18    3    1   18   18    3   14   13   13   17    6    6   15   17    7   17    3    9   15   12    4    9    9   19    7   12    4    0   20 
  18   10    8   10   13   13   19    1   17   12    3    7    9    3    1    7    4    8   15   19    0   11    2   18   18   17   18    8   19   13    5   16   15   12    5    1   16   12   16    3    1   15   11    2    7   20   16   18   13   12    8    7   17    9   20   19   16    2    6    9   20   11    4   18    6    4   17    4   18    4   17   14    9   19    0 
