  75  0    0   PROB757.txt    H    M    N
  66   88   59   62   80   86   97   79  103   61  105  100  114  160   76  144   91  120  155   80  129   68   62   95  135  124   98   98  154   73   86   84   49  142  103   86  106  108   91  116  100  113  149   98  107   43  106  124  153   73   43  132   75   62  168  173  166  114  100  143   89   84   78  117   92   86  122   79  106  122  119  104  103  126   66 
2476 2520 2571 2581 2593 2601 2601 2651 2651 2671 2671 2705 2716 2740 2746 2818 2839 2906 2934 3007 3023 3115 3130 3222 3237 3240 3267 3290 3311 3317 3322 3348 3387 3408 3430 3501 3503 3504 3520 3543 3545 3549 3602 3619 3660 3667 3675 3688 3694 3695 3698 3705 3718 3719 3737 3746 3748 3784 3792 3823 3836 3854 3875 3894 3905 3920 3931 3944 3977 4009 4047 4089 4107 4108 4120 
  12   14   16    1   18   19   16   13    8    3    4   20   13    8    2   12    4    8   17   15   10   10    1   17    8    4    5    3    1   19   12   10   11   17   15    6    5   14    6    9    5    6   16   12    2   19    7    2    9    1    1    7    3   13   17    2   15   10    5   12    3   16    1    4    5   17   16    3   17    3   13    8   13   12    4 
   0    7    5    7    9   14   16   15   19   13   12   18    8   17    6    2   16   10   18    9    8    8    6   12    6   15    2   17    1   14   18   16   19   12   13   19    8   17    9    4   12   12    3    8   12   17    8    9   12   14    7    9   15   14   17   13   10   16   17   13   19   18    8    3    2    6   13    3    5   16   15   12    7   10   13 
  18    0    5   18    9   13   10    6   16    9   13   16    6   13    9    7    4   12    7    9    4   17    2   13   20   10    6    1   19    9    7   20   16    9    0    0    7    3   17   19    6    1   16    2   13   17   18   18    5    5    9   16    6    1   15    2   12    3    3   12   19    7    1   11   16    5   12    6   18   18   19   11   18    8   13 
  12   13    0    2   10    5    2    3    7    0    1    5    9    2   11    1    6    6   10    1    6    8    5   18   14    3    9    2    6   11   18   13   18    2    7   13   10    1    6   16    6    6   20   18    3   17   11   13   17    9   12   11   11   10   13    5    3    9   19   19    8    8    3    4    8   13   10   16   16    5   16    4    4    8   10 
   1   16    4    0   12   16   14    9   10    6   15   15    9    3    8    3    5    4   10    7   12    3   15    7   12   18   19   10   13   14   18    0    7   16   10    1   10    7    3    0   11    1    4   10   15    5    2   10   19   17    2   18    4    0   14   14   15   15   15    3   18   18   15   10   13   14    8    1   16   10   14    7   18   13   12 
  20   17    8   17    0    5   14   10   15    5   14   11    8   15   16    0    8    1    1    4   11   20    2    7   11    1    2    4   15   13   14    6   20   18   14    6    9   12    2    3    2   19   12    5   11   13    2   10   17   16   13   16    9   11   11    2    5   13   12    4   10   11    2    2    6   11   11    9    2    9    5    8   13   10   17 
  11    6    5    2   13    0    5   10   11    3   17   11    8    4   20    8    3    3   19    9   10   10   16   15   13   20   14   11   16    9   18    9    2    1    3   17    9   19   17   15   11    3   10   16    1   19    8   10    6    7    1   15   10    3    4    3   11   14    7    7    1   18    7    2    5    5   11   17    9    3   14   13    9   14    6 
  16   18    8    5   16   14    0   13   11   14   14   15    0    2   11   10    0   14   18   15    5    6    9    8    4   17   12    4   18    3   12    7    4    1   15   13   18    6   15    6   18    7    8   16   17   13    8   13   18   13   11    3    3    6    9    7    9    7    8    4    5   16    7   18   14    9   14   19    3   17   19    5    8    3    9 
   6    7   15   17    7    8   14    0   10   16    3    3   13   14    4    7    3   19    1    0    7   17    5    6    4   13   17   14    8    2   10    0   10   12    9    0    9   19   16   19   12   19   12   11   10   11    8    5   15    7   13    8    9    8   14    1   10    8   15    7    9   13    5    1    5   16   20   15   18   19   18    1    6    4    4 
  17   10    3    6   17    7    2   19    0    0    0    2   14   20    0   16    9   14    3   20    7   15   12    0   11   19   17    1   12    9   16    7    8    4    1   20   13   13    3    7   11    2    7   16   11   12   18    0   11    5    5   14   15   15   15    9    9    1    2   11   18   14   17    4   12   14    9    1    2   15   13   16   20   19    4 
   5    3    7    7    5   10   17    3    2    0    6    6   11    6   15    4   10    8   16    3   18    1   18   20   15   12    6    3    8   12    2    4   20   12    3    4    5    4   19    9    8    7    0   14   20    9   18   12    6    2    8    7    5   10    6   17   15    7    7    7   15    6    4    4   12    4   17    6   11   14   14    7    8   10   19 
   9   13   17   11   17    6    7    1   15    0    0    5   15   11   10   10    4   14   13    2   17   15   16    5    2   10    3   19   12   11   13   13   10   16    6   18    9   20   18    7   11   13    2   13   19   18    1   13    0    7    0   18    0    5   12    4   18    6   20    6    8   15    2    1   19    0    1    8   18   18   17   16   12   11    8 
   4    1    9   19    5    5    5    3   18    9   19    0    8   13   20   12    1    9   11   19   10    5    4    1   13   16   14   14   16   11   17    1    5    8    5   19    4   16    5   13   11   19   14    6   10    4    8   14    2    0    3    2   19    1   13   17   11   14    1    7   17   17   13   10   18   14   19   16   16   12    9   13   12    8   10 
  11    4    2    4   19    4   18    3   10   12    5   18    0    2    3   16    3    5   14   15    7   18    5   15    1   18    1    7   20   17   11   10   12    1   13   18    6   13    7   18   19    6    3   17   13   11   16   14   16    6    1   16    6   16   16   11    3   14   15   16    1   10    7   15   12   11    0   17   16   13    3    5    2    6    3 
  15   20    6    4   16    6    7   13    6    3   14   14   14    0   18   10   19   20   16   12   11    0    6   20    3   13   18   13   12   10    3   19    3   19    2    1    1    3   11   19   12    1   11   15    4    6   13    9    4    9    4    5    5   16   13    4   18    2   17   12   20   12    2   13   18    7   15   19   12    5    2    5   17    0   18 
   6   11   16   11   20    8   18   10    2    2    6    2    2   16    0   17    9    1   14   13    9    4   11    6   12   12   16    2   10    1    7    2    4   19   19   13   15   13    5   11    4   14    3   18   15   12   19   13    1   17    3   17   19   13   15    1   12    6   10   14   11   19   11    2   16    1   13   10   13    9    4    9    7   10    9 
   9    2   14   14   18   13    5   19    4   17    3   11    8   14    1    0   18   19    4    2   12   20    4   17    0   17   11   20   12   12    3   14   19   17    8   16   18    6   11    3   13    5   16    7    1   12    4   14   14   19    7   15    0    4    5    3   12   17    1   12    8   18    7   14   13   10   18    5   14    6   12   14   10   11    3 
   4   18    1    6   10   20   15   12    7    9    5   12    3    3    7    7    0   13    3   18   16   14    3    2    5   18   12   18    7   15    5    1   14   19   14   18   17   14    2    2   17   15   14    7    8    0    6    7    3    6    9   13   12    5   17   16    2    1   13   12   16   11    6   15    2   11    8   13    8   15   13   16    8    8    7 
   0    4   18   19    0    4    7   15   10    3    6    8   12    4    4    8    4    0   15   15   14    7    3   17    5    2   16   16   10    6   13   16   16   18    2   17   17    2    6    2    9   18   20    4   20    4    2    6    1    5   10    0   15    0    8   18   11    7   14   13   16   18    7   19   10   12    4   14   11    2   11   11   13   13    4 
  13    4   17    8    7   17    2    9   15    1    6    5    6    7   18    3    3    2    0    3    6    9    8    9   12    4   18   17    3    5   12   19   14    7   19    5    1    0    7   15   19    2    0   14   17   13   19   16   20   14   12    8   18   10    4    7   17    5   19    5   19    9    7    1    3    7   11   12    8   10    4   19   14   14   13 
   3    9   10   19    5   11   14    5    3    4    4   17    0   20    9    6   15    1   12    0    7   13   19   15    1   19   17   13    1   10    2    8    0   18    0   19    1    2   19   14    2    6   12    2   17   18   15   12   16   11    3   14   14   11   15   19   20   15    3   12   11    1   13   19    0    1    7    4   15   12    6   20   13   14    7 
  11   17   13   13    5   18   13   10    9   16   18    3    9    8    7    1   18    7    7    4    0    1   17   15   10   17   16    5    8    0   11   13   13    9   13   17    4   16    7    5    6    8   11    8   19    1   17   18    4   16   14   19   16    5    2   13   17   15    3    4    8   20    7    7   17    8   10    7    2    9   19    0   17    2    4 
  12    1    8   16    9    3   15   11    5   16   17   16    8   17   16   20    9    8    3    5   17    0    2    1   12    2    2   10   11    1   10    5   11   14   11    6    4    4   11   14   20    2    9   16   11    7    7    6    0    4   14   17    0   12    5   12    5    5   20    4   12    4    4   17    2   16    8    1    2   15   16    5    5   14   14 
   1   13   13   14   19   16   10   12    6    9    7    2    9    7   19   14    6    2    1   13   19   13    0    9    3   16   20   16    8    9    2   11   12    8    7    2    9    9    6   11    5    6   13    6    8    5    9    2    0   18   14    8    4   15    5    0    5    7    3    3   17    7   13    2    6    9   12   14    3   12   15   17   17    4    9 
  19    7   13   11    1   10    2   14   16    3   10    6    0   11   11    4   18    8    3    4   13    4   15    0   13    3   12    0   12   15    9    7   13   11   12   14   16    2   16   18    5   19   19    4    2   13   14    4   14    3    4    6   16    6    1   18    2    6   13   10   11    4   17    1    9    9    7    1   13    0    3   13    2   13   19 
  14   14   18   14   16    9    9    6    2    4   12    9    0    1    5   15   15    4   18   18    2   14   17   14    0    5   10    9   11   12    0    5   12   16   18   20   18   13    0   10    8   17    3   18   16   10    9   15    7   13    0   12   17   10   16   11   16    7   19    1   15   19   11    7   18    5   18   12   19    5   14    4   14   17    1 
  12    6    9   19    8    4   17    8   10   13    2   11    5   13   19   11    6   13    7   11   11   15    9   13    5    0   10   14    5    0   10    5   14   17   16   15    3    3    6    4   16   13    8   14   10    9    5   14   15    3    0    2    2    8   13   10    1    0    6    9   12    3    8   19   10    7    8   10    8    7    7    5    4   19   14 
   0    4   10   12   14   19    9   18    0   19    4   14    3   16   14   18   13   14    9    6    3    8   19    1   15    5    0   19   16    2   11   14   12   16   16   13   19   11    4    3   17   19   15    4   18   18   14    0    5    6   19    2    1   16    4   11   12   15    8   15   15    5    6   12   17   16   19    3   16    6    9   15    1   16   14 
   7   11    4    2   16   11    8    5   19   14    5    1   13    3   14    2    5    6    6   18    1    7    5    1    3   12   20    0   12   13   19   18    6   10    6   18   18   20    9   14    5    7    7   19   19    1   15   16    8    7    3    1    4   19    9    2   16   16   10    9   13   11   14    6   12   10    6   17    8    7    2    5   11    0   14 
  12    2   18    8    4    2    4   11    6   11   17    0   11   12   16   16    4   15    9    4   20   14    0   16   15   16   14    9    0   12   20    3    2   14   20   19    5   16   16   13    1    3    9   17   11    1    1   20    9   14   15   10    4   14   16    1    4    2    5   16    9    7    8    9    1    6    7   11    1   15   10    4   12    9    9 
   7   17    0   20    2    2    5   13    6    8    8    7   19   14   15   14   18    4   19   10   12    7    8   15    3   15   15    3   14    0    7   16   20   19   10    2    8   13    2    1    6    1    7   10   18   14   12   15   15    4   16    9   10    6    8   17   11   15   11    4   19   19    4   13   16   18   16   16    2   15   20   14   18   16   14 
  15   16    9    1   11   15   11   10   11    5   13   14   19    7   10    7   12   11   15   17   11    0    7    4   13   12   11    9    1    9    0    7   19    6    2   18   10   10    0   15    1    0    8   13    4    1   13    4   15   12   12   11    4    5   15    9    2    7   14    3    9    1    1   20   12    9   16    7    3    1    1   12    4   20    3 
  12   10   18   19   17   13   15    4    1   13    8    0    7   15   16    0   11   16   12   12   18   13    1   10    2   10   16   15    4    5   10    0   14    8    0    7   13   15    6    5   11    3   15   16   18    2   12   17    2   18   18    7    1   12    8    1    7   11    6   15   18   11   18    6    5    8    6   16   16    1    1    5   13    4   16 
   8    7   14    7   19    7    7   11   13    5    9    6    3   14   17   12    8    7    8   13   13    8   13   12   12    1    2    8   13    8   14   12    0    4    3   17    8   12    8   19    1   18   14    5   10    4    1    1   14    7    3    6   16    5    2    8    1   20   17    7   17    8   13    5    4   20    1   19   13    4    4    8    3    2    7 
   6   12    8    3    5    6   17    2    8    4   17    9    3   12   17   18   10   20   13    8    8    4   12   20   10   13    9   10   20   16   15    1    0    0    4    5    4    9    1   14   15   13    4    3    3   17   10    5   20    5   11   11   18   10    3   11    9   13   12   20   11   18    6   15   12   13    2   20    4    0    7    4    1    8    7 
  10    9   12   14   10   11   12    1    0   19   10   16    9   19    6   17   19   19   11    1    2   16    1   18   20   18   12    7    3    3   20    3    9   18    0   13   15    8   19    9   18    3    9    1    5    1   13    7   13   12   18   18    4    0    6   20    7    4    7   18   16   20   10   11   16    6    4   10   12   11    1   12   12    7    0 
  11   14    0    3    4   17    1    8   11   12    2    5    3    6   10    2   20   14   11    5    6    2    4    6   19    2    8   12   14   15   16   12    3    8    2    0   10    6    8    9    7    9   12   17   11    9    7    6   16    5   19    2    5   12   19    6   10   20   20    4   10    6   19    5   19    3   14    8    4    9   15   15    6    8   12 
  17   19   11   14    2   16   17    6    4    3    9   17   12    4    7   19    6    3   10   14   14    4   12    6    0    6    9    1    1    4   12   14   17    9   15   16    0   11    1   18    1   12    8   16   18    1   17    8    4    6   16    5    3    7    9    7    9   15    6   18    5   10   14    3   10   13    6    7    2   19    7   20   14    7    2 
  16   17   10   13    5    3    0   17    2   14    2   11   10    3    6   14   17    9    7   19   17    2   12   18    3   14   19    3    0    8   18   18   10    7   17   11   15    0   15   14    3   16    6   11    9   17   19    4    7   16   12    0    1    2   17    7   11   15   16    2    9   19   18   18    9    9    1   12   17   14   12   13    9   17    1 
   6   19   16    7    0   10   14   17    2   16   13    5   18    2   10   19   13   17    9   16    1    0    6   17   13    1    4   18    3   13   12   13   11   16   11    5    4    7    0    8   19   13   17    6   17   15   19    0    7   16    9    1    0    6    3   10   18    9   13   11    0    9   13   11    3   18    1    7   11   15    2    3   16   14   14 
  16   19   14   13   17   16    0   17    2    4    8   10    4    2   14   14   18    6    2    2   10   17    7   13    6   12    9   19   16    9   13    3    2    1   11   17   10   11    6    0    5   15    3   18   12   11    2   19   15    7    1   17    6   12    3    2   13   14   16    2   16    3   16   18   20    9    4    9    4    5   11    6   18   14    4 
   2    6    0    8   18    6   15    2    5    3    3    9   10    0   19    6   11    3   14   20   13   12   12   17   20    7    9   13    3    5   15    1   18    9   16   20   18    6    7    8    0    5    9   10    9   17    4   20   11   13    9   14   20   13    4    2   11   14   17   13   19   11    7   20    8   18   14   18    4   18    4    8    2    4    7 
  12   16   12    1   18    7   17    4   17    6    6    5   15   19    1    0   12   10   19   16    5   13    5    3   13   18   13   16   20   12   12   15    3   18   13   18   17    8   18    6    3    0    2    1    3   13    9   13   15    1   13    3   15   20   17   18    8    3   13   15    4    0    9   12   12    8    7   18   10    8   14   11   14    5    1 
   3   14   14    3    9    6    6   13    2    6   16   13    7   17   15    7   19   10   19   16   16   10    9    2    0    7   20   16    9    5    4   14    5    7   16   13    1   12    5    1    6   12    0    7    7    5   12   16   11   14   13    0    5    9    9    1   17   12    2   12   15    3   17   19   11    6    8   12    4    1    7   16   19    1    7 
   8    8   11    7    6    2   18    2   12    1    3    6    9   19   10   16    1   19    6    3    3    6    1    8   17   12    2    7   17    5   20   13   17    6    2   13   17    5   11   17    4    1    8    0   11    9   18    4   18   19    3   17    4    2    9    9   10   20    8   10    2    0   10   10   11   10   19   19   14   19    8    2   17    6    1 
   1    7    7   13   12   10    4   17   13    8   16   13   18   17    3   11    8    8   17   11    2   20    1   15   14   12   10   11   15   13   17    1   12   19    9    7   10   20   13   19    3   10   11    4    0    6   16    6   20   11    2   19   14    8    5   13    1   16    7    8    4   17   13    8    8    9    4    9    9    4   14   14   15   14   15 
  20    4   12   16    8   14    5   19    5   15   14    4    7    6    0    7   15   14    2   15    3    5   16   19    5    4   13    9   18   17   12    1    2   16   12   18   15    5    6    6   18   14   10    7    6    0    7    9   13   18    1    6   10    7   18   13   16   12   12    6   18   14    7    8    0    5    8   18    6   17    7   17    4    6    3 
  14    6    6    7    1   10    6   14    6   13    7   13    3    0   13   18    6   15    9   11   18   13    2    6   13    2    0   19    1    4    8   14   16   19   17    2   13    1   18    3   16    1    4   18    2   14    0    4   20   17    1    4    2    1    9   16    1    6   13   14    1   17   19   17   13    4   16    2    3    7    9   15    0   19    5 
   8   14    8   11   18    8    7   11   14   14   15    1   11   17   20    3    2   17   18    1   20   17   16   15    6   12   16    5    1   20   18    8   20    4   11    2   20    3   20   13    1   13   11    6   11    1   10    0   13    5   17   19    7    8   18    4    1    8    3    5   17   18   10   14    6    7    7   16    4    5   19    1   12    5   12 
   5   15    9    4   19   16   13    4    2   14   19    8   11    5    4    8    2    1   17    6   14   20   18   19    6   20    6    3    8    4   19    7   12   12    1   10   16   17    8    3   19   12   12   12    2    4   17   19    0   16    1    2    9   14    3    4   10   10    9   20    3    2   12   11   13   11   13   17   15    5   11   15    5    7   18 
   9   19   13   11   11    0   10   13   12    4   19    7   16    7   12    6    9   14    0    5    7    9    7    7   18    1    3   17   18   16   17    2   11    5   16   14    2   10   15   17   15   14    5    9    6    1   17   19    2    0    4    3    4   10   17   19    6    7   18   17    6   10   15   15   20   19    6    1    2   14    4   18    9    2    2 
   1    2   16    9    3    3    2    5   18   18    2    4   11   14   14   12   19   10   10    9    0    9   17    6   10    4    9   19    1   15   17   18   14    9    2    8    0    5    2    5    8   11    2   14    1    1   12    9    5   18    0   20   13    4   15    7    6    7    4    1    9   15   17   20   11    7   10    7    4   16    6   15   14   10    2 
  19   10    3   17   11   11   13    8    2   15    3    4   10   20   19    0    0    9   12    9   15   14   13   12   13   19   13   10   16    5   12    5   13   18    1   15   19   10   16    5    6    2   13   17    5    6   14   14    6    6   13    0    9   18    0    7    9    0    5    8   17   12   18    6   13    5   14   17   13   10    4    3   15   19   15 
  19    9    4   11   11   15    6    3   10    5   12    1   13    8   11   13   12   14   14   16   16    4   14    6    4   11   15   12   19    6   19    1   19   10    2   17   14    7   14   11    9    9    3    1   14    2    8   10   13   17   15    1    0   12    5    1    5   13    3    8   11   11    8   13   18    6    9    6   14    6   18    7    0    2   12 
   4   13   13   15   20   18    0    3   15   19    7   20    4   15   16    8    1    1   15    2    7    0    1    2   16   19   19    5    2   10    6   16   10    0   18    8   18   12   10   12    6   15    4    0    3   17   15   19   13   13   18    7   10    0   12    3   14    6   19    0   10    9    2    6   16    6   10   13   12   20    0    2    8    3    3 
   8    6    4    7    1    4   15   14   17   18    7    1   19   14    9    1   13    4   19   11    9   15    3   15    7   20    2   15   18    3   16    7    8    4   15    5   13   11   17   10    1    1    3    2    3   13   10    6   10    2    8   11    9   16    0   12   15   13   17    6   10   17    0    1    0    9   17    4   10    7   12    9   14    2    7 
  17   11   19    8   17   19    1   12   19    2    7    1   15   15   12    2   16   12    6   15   19    9   14    5   15    3    2   14    6    4   11    8   17    8    4   13    3   10   20   16   14    2   10    3   12   15   11   12   14    6   10   11   14   19   15    0   11   18    1    3   12    8   15   15    1    1    7    7   16   10   20   10   12   18    5 
   0    4   10   15   19    0   17   17   13    7   12    8   19    2   16    8    1    9   13    7   14    0    4   14    7   12    8    3   14    7   12    7   20    9   10    0   13    4   17   19   18    0   14   11   13   18   12    2   10   17   18   16   11   12   16   16    0   12   15   14   16   14    4    9   12   16   13   16    2    4    3   19   16    1    8 
   4   12    7   20   18   19    7   11   20    6    3    1   13    9   20   19   17   11    6    9    1   10   10    6   20   13    5   16    3   10    1   19    8    9   19    5   10   16    7   10   10   19   11    9   10    8    4   10    1    1   16   16    8   10    8    9    5    0    4    3    4   16   16   13    6    7   19   10    6   15   15    4    8    9    1 
  15   18    3   18   19   13   19   16    9   13   12    3   10   13   12    6   18    3    1    6   15    3   14   13   12   11   11    6   13    8   10    7   19   17   14   17   16    4    1   15   10   13   17    1   10   18   20    4   18    6    7   13   11    5    9    8    6    9    0   10    7   14   15   13    6   12   15    3   12    6   15    4   14    5    9 
   3   17    8   11    4    5    8    9    6    6   19   17    6   18   17    8    7    4    4   16   11    7   13    9   19   18   12   15   11   11    1   16    4   12   18    0   15   10    7   12   17    7   14   10   12   12   11   14   16   15    5    2    4   19   20   17   16    6   17    0    3    8   10    9   11    5   18   20   20    5   10   17    1   20    1 
  11    6    8    3    7    5    0   18   19    2    2   16    8    5    7   17    9    9    6   15   20    7   17   10    1    9    9   10   16   18   13   12    7   12   19    1   15    1   11   14   11    5    4   13    7    5   14   11   11   13    3   19    4   10   18    4   11    1    7    7    0   12   12    1   15    9   15   10   11    1    9   15    2    1   16 
   9   10   14   18   18   13    0   10    1    2    9   10    4   17    5    9    7   11   12    6    4    1   16    1   11   11   19    4   17   10   10   17    9    7   20   14   19   10   15   15   15   13   10    4    7    3   18    9    2   15    9    2   17   15   12   16    3   11    1   19    5    0   17    8    2    1   10   13   17    2    0    1   12    3   12 
   3   18   11    7    8   12   12   19    9   19   17   15   17    0   13    9    5   18   11   20   18    8    5   18   10   16   18   18    5    0   19    7   18   17   19    7   12    2   17    3   14   10   17    1   13   14    1   17    5    3   12    3   19   10    9    2   17    2   15   10    1    4    0    3   12   13    6    4   12    5    0    5    7   11    9 
   7   12   12   19   14   12    3   10   20   12   18   13    2    9    3   18   16   18    5    9    0   18    7    8   11    4    1    4   12   17    7   16    6   14   18   19    3    8    9   13   14   19    9   11    4   20    7   19   15   20    0   12   14   19   14   16   10    9   13    3   19   14    0    0   13   16   14   10    2    7    5    9   19    9    9 
   8   17    5    5   18    6    6    4   17   14    8   17    2   13   14   15    4    0    6   19   12    0   11   16    9    2   12    7    3   15   18    6    5   15   18    9    3    6   11    7    5    3    9   12   14    3   13    5    9   18    5   10    6    0    4   20   13    7   18    2   16   13    6   18    0   16   15   13   10   12    4   17    0   18   16 
   9   20    8    1    8   12   15   20    4    7    4   20   15    2   18    8    8   10   13   17    8   16    0   11   12    2   18   12   17    9   11   13    5    2    7    3   16   17    1    2   10   19    1   15    9   19    8   18   15    3    3    1    7   14   14    3    3   12    1   14    8    2    8   16   12    0    9    5    7    5    8    3    3   12    0 
   4    4   11    4   11    6   11   20   16   10   15    7    6    4   17   13    7    7   10    7    9   13    6   12    3    6    7   14   13   15    3   11   14    3    6    8    3   13    6   12    1    1    4   14   17   14    6    8    1    7   10    2    7    1    5   20   13    5    7   19    4    3   19    0   10    1    0   15   20    1    3   14    4   10   17 
  11   13   17   13   16    4   19   19    1   17    2   16   10    2    2    4    8    9    3   13   14   10   11   14   15   17    7    8   11   16   13    1    2   10   13    1    9   17    9   17    6   14   13   14    6   17    0    8    9   19   15    7   18   10    4   19   12   20   19   11   17   14   13   20   11    7    9    0   17   17    0   10   13    3    3 
   9    1   14   12    1   17    7   19   11   16   19    7   11    3    6   16   16   15    1   20    7    9   20   10    8    9   16   13    2   10    3   12   10   18   13   15   19    7    6   17    1   12    2    2   12    0    2    9    6   17    4    8   10   11    8    4   12   13    3    3    4    2   19   13    4    8   19   13    0    2    9   13    3    8   19 
   8    8   10    4    0    1    4   16    1    9   13   10    0    6   16    1    4    7    8   10    8   16   13    3   17    1    6   10   11   10    7    7    3    7   12   20    5    1    6   16    8   17   19    4   10   11    4    7    4    6   18    1   12    8    1    0    4   20    9    2   18    1    9   17   19    1    1    7    9    0    3    7    4   19   15 
   9    5   17    3   16   10   20   20   12   13    1   12   13   18   16    4   20    2    6   13   13    5    5    4   14    9   16    3   18   13   15   11    4   19    1   16   17    5    8   12   11    7   12   13    7   10   10    8   18   14    1   19   20    7   14    3   19   14   17    3    3    1   15    1    9    9    8    7   14    8    0   10   15    6   17 
   2   14   17   13    2   10    4   10    4   12    7    9   15   10    5   15    9    3    6    4    5    3   10   12   19    6   14    4    2   13   10   10    3   12    3   13   13   13    5    5    6    4    5   12   10    6   13   18   18    1    8   19    4    8    3   13   12    9   16    7    9    5   11    3   13    4   17    7   10    1   12    0   20    2   17 
   9   12   17    2    9   13    9   16   10    5    3    6   20    9   13    3   15    9    0   15    5   15   17   16    6    7    9    1   18    1    9   13    7   20    2    7   13    8    1    5   19   20   10    3    9    7    3   20    2   12   18   17    2    2    4    4   14    0   15    8   20    5    3    4   18    6   11   16   11    6   18   18    0    1    9 
  15    4    6    1    8    6    1    8    4    1   17    3   11    9   13   14   15   13    3   18   13   16   17    3    5    2   19    7    1    6    9    3    8   18    4    2    8    7   17   11   17    3   10   20   12   19   11    3   20    8    8    4    4   17   13   10    6    2    7   18   10   14    7   12    9   11   18   18   12    8   11   18    4    0    3 
   2   12    8    3   19    7    5   11    3   14   20   10   13   19    5   20   10    6   19    0   19    6    9    2   17   15   15   10   10   10   19    5    4   19   11    4   19   19    9    4   16   19    8   15    1   18    5   17    3   16    7    1    7    8    9   13   19    3   16   15   17    6    7   13    6   10   15   11    0    1   16   14   18    9    0 
