          45      27097 0
   99  110  101   95  107   97   99  103   96  104  100   97  102   95  110
   95   97  107   99  104   96  102  101   96  101  108   99   92  100   94
  108   92  101  101   94   97   97  106   97  103   90  107  108   98   99
 1495 1503 1533 1578 1601 1613 1675 1687 1829 1833 1836 1839 1878 1902 1902
 1935 1971 2026 2050 2060 2063 2070 2070 2085 2093 2116 2119 2238 2245 2251
 2262 2269 2278 2285 2309 2313 2323 2327 2362 2363 2367 2382 2394 2407 2420
   19   17    6    2   18    2   16    0    0   11   17    2    1   16    7
   14    4    6   11   16    7    1    7    3    7   16   15   20    2    2
    6   11    0    0    5   16   19   20    1   17   16   15    4    4    5
    0    0    8    7    7    1   19   13    5    7   16    4    7   16   16
    6   14   12   14   10   13    9   16   13   12   16    6   17    3   17
    0    4    1    5   15   17    1   11    9    0   15    3   19   12   16
    3    0   15   17    2   10   10   11   16    8   13    6    0    3    4
   20   17   20    4   17    1    4    1    5   17    5   16    6    8    7
   14    2   19   20    7    1    8   10   11   10    2    6   19    3   15
    6    5    0    5   14   19    1   10   11   18    7   16   10   14    6
   10    1    2   19    3   12   12   16   18    9   15   14    5    3    2
   19   20   15   20   17    3   18   10    8   10   12    8   12    2   11
   20   17   19    0    0   12   17    6    4   20   19    8    8    5   17
   18    2    0   11   16   11   10    9   12    8    4   18    7    7   16
   10   18    6   12   20    3   18    2   16   14   11    5   20    9   11
   18   10   13    4    0    6   18   17   20   20   20   14   10   10    2
   17   10   10    4   17    2    0    9   14    6   20    9    5    1    5
   18    8   19   19   13    7    3    0   13   18   17   12    6   16   20
    2    6    8    0   16    0    0    9    4   16   17   11    2   13   11
    9   20    7   16    9   11    9   14   11    7   19    9    6    1    4
   10    1    8   10    0    4   16   13   17   11   16    1    3   18   20
    6   19    3    6    9   18    0   18   15   20   16    0   14   10    7
    2    7    3   17   19   12    2   15   18    1   15   16   16   10   19
    2    4   15    9   12    7    2    6   19    5    6    7   15   11    3
   11   12    6   13   11    2    7    0   11   17   11    3   11    9    7
    5   18   16    8   10   11   19    3    9    3    9    2    5    6   20
   10   15   12    6    5    3   16    6    2    9   12   12   20   13   11
    8    8   18    3   20    2    5    3    0   13   15   19   14   12   16
   19   14    5   19   18   12    9    4    9   12   14   17   20   12   10
    5   10    5   18    0    7   12   17   18   12    2   15    8   12    3
    0    7   12   17    5   12    7    0    7    0   14   17    8    2   18
    4    5    1   10    4   12   10   10    2   18    9   13   13    5    2
   11    2   10   12    3   20   17   12    3    1    7    0   20   11   12
    1   19   12    7    5    3    4    8    8    0    0   15    3    9    9
    0   15   11    9    2    4    1    8    4    1    0   16   15    5    3
   19   10   14    2    7   18    4   11   20    0   20   18   13   12   11
   15    0   16    5   19   14   19    5   19    3   12    0    1   19   16
    0   13   19    6    1   20    0   16   11    2   16    3   11    8    1
   15    3   11   14    2   18    7    3   17   19    0   19    4    1   17
   18   14   11    4    1    4    9    7   14    0   20   15    0    7   17
    6   10    6   17    7    6   13    1   20   16   15   11   20   20    0
   15    6   18   11    5    3   14    3    8   14    1    9   10   17    5
    3   10   18   17    7   11    4   10   19    6    6    4   10    0   16
    7    2    6   20   13    9   14    2   15    4   11   15   16   18    5
    3    0    2   13   14   16    0   11    9   13    7   10    9   17   19
   20    0   18    8   18   13   14    9   15    4   17    6   17   14    0
    1   11   19    0   12    7   19   13    4    4   18   14    9   10   17
   12   14   10   12   19   16   15   14    6    9    4   20    7    6    5
    5    7   14   19   16    0    0    0    1   11   18    0   17    7    9
    0    5    5    8    5   19   11    2    4   16    5    7    8    8    7
    1    0   11   14    6    0   17    8   12    2    0    2   17   16   20
   20   14   17    3    3   14   12   15   13    3    1    3    3   19   13
   19    0    5   14    2    2   11   17   13    8   12   10    6   16   18
    9   10   12    8    0    5    9    2    0    7   13   12    0    8    5
    0    8    8    3   12   15   18   11   17    8    3   16    4   20   14
   14   15    0   18    0   14   16   14   18    1    2   10   14    0    3
   12   11    4    8    3   11   15    1    6   14   13   19   16    1   11
   14    9   12    2    2    5   13   14    0    4   18   20   17    4   13
    2   13    5    0    5   13   18    7    4   12    5   15    7   20    8
   10   13   18    6   20   11   19    0   12    8   17   16   12    3    4
    2    2    6   17    5   15   13    2   16    1   11   12    0   15    5
    1    5   19    9    0    9    0   13    5    1   15   17    9   20   19
   19    9    4    5    2    7    0   20   18    2    9   17    3    7    6
    7   11    3    1   19   19    0    8   11   16   20   16   10   18    8
   15    6    9   20   19    0   18   19    6    0    9    4   20   10    9
   10    5   19   10    3    0   15   19    8    5    1   10    3   18    1
    6    5    9   20   18    8    3    0   20   11    8    4   15   19   17
   12   13   15   11   11    2    0   14    7    5    7    8   17    0    1
   11    7    0   19   19   18    7   11    3   12   12    6    0   14   20
    4   18    6    2   20    3   20   11    1    2    9   13    2   17   16
   15    2   10   18   13    8    9    0   17    7   16   12   20   10    3
    3   11    1   12   12   20    7   12   11   14   19   16    5   15    1
   16   10   17   19   15   19   18   18   14    4    6    1    2   17    6
   15   11    1   12   14   14    0    7    0   16   10   12   14   13   17
    3   16    2    5    9    6   18    8    6   17   16   19   14    0   18
   12   12   12    0   10    4   10    8   17    6   19    1   11    0    6
   19   18   10    2    0    0   14    6   16    0    9   15    6    6   16
   14    1   19   19    0    2    7   10    1   10    1   18    6    4    3
   17   19   11   16    3    1    3    9   13    1   19   18   16    9    6
   13    7   19    5   11    3    1   14    2   10    0   20    6   20    4
   11   12   15   17   13   13   12   14   12   19    5   20    1    4   14
   18    3    0    2   11    6   19    5    0   20   20    1   19    9   20
    9   13   12   14    8   12   18    4    3    9   17    0    9   13   10
   11   12    5   18    1   16   15   13    2    1    6   17   16    4    6
   19    0    3   18   12   20   11   19    8   18    4   17   19   17    1
   15   19    7   14   17   13    5   18   16    2   20    5    0    7    2
   13   16   16    3   17    6   20   14   12   14   14   18   19   11    3
    8   18    5   11   13    4    3    6   13   19    3   18   19   13   13
    3    5    3   16   18   18    3   12   16   16    2   19   16    0    9
   11   10    4   13    6   18    2    7   20    0   20    7   10   14    3
   16   10    8    3    9    1   11    4   15   10    9   18   10   20    0
   14   20   19    2    3    0    4   19    6    3    3    9   15   13    0
   14   10    5    7   10    8    3   12   11   19    3    1   16    4    2
    5    5    4    9    0   16   13   12    9    4    6   14   16   13    1
    2   18    8   11   13   12    7    6   17    7   20   10   19   10    2
    0    6    9   17    9   19    4   12   18   18   15   13   19   19    3
    2   17   20    3   18   11    6   17    8   19    0   15   11    2   10
    1    3    9    6    7    8    0    6    4    4   14    9   20    9   12
   15    0   18    9   10    0   10    7   15   15    9   19    2    3    4
   11    3    8    1    7    5   20    3    2    9   18   13   12   12    3
    9   12    0    2    4    5   16    1    4   12    4    6   15   13   11
    6   10    0    6    4    9   13    6   10   15   14    3    5    6   17
   15   12   18   15   10    4    0    2   20    2    5   12   20   14   19
    5   12    0    7   18    3    9    7    0   10    7    2    9    3   12
    2    6    2    0    7   12   18    0   11   11    0    1    9    5    5
    3    2    8   11    6    1   17   19    5    5   20   16    2   16   13
    2    5   10   13    1    1   20    8   18   15    9   18   19    4   19
    7    3    5   19    0   12    7   11   18   14   18    2   11    3   12
   13    6   14   18    2    2   13   11    5    3    1   16   19    0   13
   17    8    4   17   15    6   19   17   13   20    6   11   17    4   12
   10   13    1    3    6    0    4   14   19    3    2    8   20   14   11
   14   18   10   17   17    4    7   15    5    8   16    0    2   10   17
    8   11   11   10   17   13   12    6   10    0    1    1   20   10    1
    7    5    3   11   20   17    0    6    6    0    1    4    9   17   18
    9   15   18   13    1    8    2   14   18    6    0    9   20   14   14
    9   15   12   11    9    4    2    5    0    0   16   10   11    6   15
   18    0    6   11    7   15   15    0   13    4   11   10    6    1   12
   10   10   18    7   14    6    6   13    2   10    3    2    4   19   12
   10   14    5   10   17   11   18    7    4   17    9   11   18   10    6
   11   15    7    2    5    3   18   17    0    8    4    8    2    8    6
   10   15   13   15    6    2   18    4    0   16   20   19    3   18    3
   20    9    6    4    1   15   11    8   15   19   20   20   19    4    9
   11   17   16    6   10    7   19    3    0    0   15   18   11    6   13
    0   10   18   11   10   15   19   17   10    5   19   16   13   17   18
   13    4    5   16   18    3   15    6    8   17   19   20   10    6    8
    4    7   11    1    6   18   17   20    2   10    0   16    9    0   11
    7    0   15    7    0    8    6   20    0   10   10   17    4   19    2
    7   17    3    3   12   17   12    4   16   11    3    3    0    0    6
   15   17   19    6    3    8    9    0   19    0   18    0    7   13    5
    2   18    0    4   15    6    0   17    3   13   12   20   16   16   10
   19   16    7    8   16    0   17   11   19    6    3    7   18    1   13
    9   13   18   11   20   15   17   11   10    0   13   16    0   15   17
   12   10    8    7   20   14    2   12    6   16   17   19   17   14    8
    5    7    2   12   17    5   11   12    8    0    4    3   20   13   14
    4    8    8    5    7   13   17   20    3   13    7   13   11    0    2
    7   17    3   20    1   11   12   13   18   19   14    6    3    2    3
   14   15   17   15    9   13   10   11   17    2   19   18    6    8    6
    4   16    9   11   13    9   13   14    4   15   13   16    1   10    0

