          35      30    0
   97  101   97   98  102   98   95  100  106   95  108   95   94   95  103
  104  105   95  101   95   93   91  100   98  106   98  106   94   94   95
   93  102   99   93  101
 2695 2761 2770 2817 2823 2856 2968 2974 2996 3001 3004 3032 3033 3070 3080
 3123 3144 3148 3163 3169 3186 3196 3226 3250 3264 3273 3280 3318 3342 3347
 3366 3420 3424 3431 3463
    8    6    6   19   17   16    4   16    9    3   16   14    3   16   15
   15   14    7   15    3   12   14   19    9    4   18   13    8   17   15
    5    4   16   10    4    0    1   19   17   13   18    5   11    4   20
   19    0    6   11    2    6    2    5    1   17   19   20    0    8   18
    5   16   18    8   15   20    7    9   20    2   14    0   19   10   14
    8    1   12   12   19   17   12   16   17   11    5   18    8   12    7
   17   20    3    2    6   20   12    7    1   14   14   12    7    0    5
    5    4    0   13   10   11    2    1    2    8   12    3   18    4    3
    1   17   17    9    8   16    0    8    2   20    9    3   13    6   10
    3    0    8    0   15    5   20    0    0    6   19    4   15    7    4
   18   15   14    8    5    5    6    9   13   10   11   15   12    0   18
   18   12   14   17   12   19   15    0    0    0    5   19   15    6    0
   17    5   19   16    5   10   20   10   15   10   12    6   10    8   11
    7   15   13    3    7   13    4   14    4   10    9   10    3   18    3
   15   18   14   12    5    0    0    5   13   12   17    0    8   20    1
    4    6   11    2   11   12    2   19    4    1    2   10   13    6   10
    7    6    9   12    9   12   15   19   14   12   20    0    5   16    6
   16   17    6   16    4    3    6    3    2   11    8   14   11   10   15
    6   17    4    1    5    5    3    6    3    7    5    0   13    8    3
    5   14    0   14    6   17    1   15    5    5   14   18    1    2   16
    6    9    4   15   11    1    1    4    4    8    7   18    7   17    2
   14    0   11   15    8    1   14    3    0   18   10    1    7   12    7
   18    7    3    7   16   20    0   10   11   19    9    7   19    1   19
   19   19    0   18    9   13   17   16   11   12    6    3   16   15    0
    0    0    9   18   15   12   14   14   15    7    9    3    4    4   11
   15    9   19   10   12    2   11   10   14    3   13   16    3   14   10
    6    2   14   11    5    0    3   20    8   20    2    4    9   17    4
   15   15   19   14    2    4   19   10    0    7    7   18   10    6    1
   17   17   18    3   14    0   12   10    0    1   11    0    2    9    0
    0   13    8    0   16   20   10    6   11    9   15    4    5    2    4
   14   15   11   11    8    6   11    7   15   18    6    3   10    1    1
    0   14    0    1    8   18   13    0   15    3    8   12    5   20    1
    9   14    8    1    2    3   15   20    5    0   18   17   10    2   13
    4   18   12   19    6   13   11   12    0    1    4   17    9    2   18
   10   13   19    8   19    1    7   17   17   17    2    4    4   19    8
   11    8   12   15   13    3   10   15    7   11   20   13    0    9    0
   13   11   13    1   19   13   11    1    9    9    7   15    0   17   16
   19    8   15   19    8    6    3   13   10    6    1   20    2   16   16
    2    3    3   18    0    0    9    6   11    9    0   12    1   14    4
   10   13   19    3   14   10   19   15   20   13    5   16   12    0   12
    0    0   16   16    3    5    8    7   16   19    4    0    3   10   13
   19    7    9   15    0    0    1    4   14   11    9    7    2   18   10
   18   16    5   17    8   11   12   13    7    5   15   18   13    1    9
    2   14    0   13   14   20   12    9    5    3    7   16   15   18    8
   18    1   12    3   17    0   17    9   15   15    9    1   10    2   20
    3   15    0   13    0   12   17    4    0   13    4    8   18   18   13
    8   14   10    5    2    9   12    0   19   12    8   19    3   13   15
    5    4    5   10   11    1    4    5    3    3   12   20   16   16    0
   13   15   17   17   15   15    8    9   13    2    6    5   17    6   18
    4   11   14    8   16   11   14    7    8    1   16   12   13   10    6
    6   15    9    3    2    0    5   18    8    5   16    1   16    1   13
   13    0    3    8    8    8    5    2    3   17   15   19    7    2    9
   11   19   15   17    0   16    3   12   20   13   17    0    1   10   18
   14   20    8   17   20    6    4    1    9   20    6   16   12    2    6
    6    8   19    9   18    3   11    4   16   15    7   16    9    8    0
   12    4    0    7   13   12    7   14    9    4    6    4    3    8    8
    9   14   15   19   19    6    8   11   12   13   15   14    4   15   20
   16   13    6    4   20   16    6    8    0    7    5   11   19    9   11
   18   20    1    6   17   14    4   15   19   19    6    2   15    4   19
   10    1    2    7    6    7    1   12   16    9   18   12    7   15    0
   13   17    6    2   14   12   20   11   19   10    2   12    2    3    7
    3    3   20    4    6   20   16   20   13   14    7   14    7    2    6
    7    0    6    3   14    0    6   14   11   12   12    4    7   19    0
    3    5   14    2   10   19   11   17   17    9    7    6   19    4    5
    1    5   20   13    7    7    0   18   10    8   16    0    5    2    4
    8    6    1   17    0    8    7   14    5   14    0   19   20    4   20
   18    4    0   20    1    9    1   19    3    3    2    7   19    6    7
    1    0    0   17   13   13   14    2    6   18   20   13   17   13   13
   12   18   11    1    1    1    1   10    4    0    0   12   14   13    2
   20   15   15    3    5   17    4    0    0   14   18   15    8    6    5
   14    9   20   10    1   18   12   16    5   20    1   10    7   19   18
    4    8   19   15    8   17   14   20   18    5   14    0    6   11    0
   16    0    2   17    9   11    1   18   11   20   20    8    3   20   18
    4    1   14   18    1    2    0    5   10    9    7   13   19   11   10
   11    8   10   12   19    0    9    6    7    9    5    4    9    8   14
   13    4   14   19    5    8   12    2    5   12    3   15    2    7    4
    1    0   16    8    8    1    1   18   18   16    8    0   10   18   17
   15    1   10   20   14   12   19   20   17    5   10   19    8   17    6
   11   20   15    4    7    0   16    4    7    4    2   14   17    1   10
   19    5    0    7    2   15   18   12    7    7    8   13   16    4    2
    5   14    6   16    6   20    5   18   11   12   14   11   20    8    2
   17   18   19   14   14   18   17   19    0   20   17    7    0   17   17
   10    7   16   17   12    9   18   20    9   18   17    6   14    5   12
    0   14   15   15    7    3   18    9   12   19    0    4    8   14    0

