  55  0    0   PROB551.txt    L    L    N
 103   92   97   90   96   98  100  111   99  101  108  104   93  103   98   97  101   95  101  107   95   99   98  107  102  100  100   98  105  105  111   91  100   98   97  111  104  102   98  100  100   98   98  103  105  101  101   97  103  101   96   98  101  105   95 
4286 4302 4316 4320 4342 4365 4377 4381 4382 4437 4457 4465 4513 4517 4538 4555 4574 4599 4616 4618 4642 4644 4725 4741 4780 4795 4844 4882 4901 4933 4957 4962 4966 5004 5006 5018 5020 5021 5068 5074 5087 5098 5120 5144 5199 5204 5222 5230 5248 5271 5284 5334 5355 5423 5423 
  16   17    6   15    1   11    1    8   10   10    5    0   12   16    3   10   17   20    7   16   19   11    4    2   16   18   14   11   10   20    7   17   20   12   18    9   16   11   15   13   18   14   15    1    5   14    4   11    2    7    3    7   12   20   11 
   0    7   20    5   12   11   19   14   11    4    6    4   18   15    1   17   18   17    8   19   13   19    1   20   14    6    0    8   10   17   19   12   12   17    8   20   18   14    6    5   15   19    2    8    4   12   10    9   17    5   14   18    7    3    4 
   2    0    2   15    9   18    2   11    0   15    3   16   16    3   14   19   15   18   13    2    8    1   17    5    1    6    8    5   16   12    5   17    2   12    2   14    4   16    5   16   13    1    9    7   16    2    5   19   20    5    8   15   15   14    8 
  11   11    0   18    7    1   20   17    4    9    7   11   18    7   18   16   13    1    2    5   20    4   12    4   20   15   17    6    8   14   18   17    8    8   12   13   19    7    1   12   14   13    5   15   14    5   10   16   17   20   13    8    5   10    8 
  10   19   14    0    3   16    5   17    6   18    9   11   17   13   11    8    2    5    3   16   12   12   20    6   20    3   17   15   20    4    9    8    2    4    9   15   13   12    1    7    8   18   20    3    2   13   12   11    5    4    5    2    1    2    7 
  12   11    1    9    0   11   15   18    8    3   11   12   18    6   15   10   13   11    4   17   14    7   18   17    2   17    4    5    4   13   19   17    3    7    2    0    4   18    7   19    5   15    1   14    2    9    6   14   12   10    8    4   12   15   17 
  14   15   18    7    9    0    0    0   12    6   14   13    4   20    3   20   18   16    2    5    5    3    5    8    8    9   14    2   14   11   18   13   15    0    7    2    2    5    8    6   11   17   14   19    4    5   17    9    4   20   11    1   14   15   14 
   9    2    1    4   16   10    0   13    3   19   12    6    7    7    0   20   19    5    3   16    2   12    6   13    2   13   14   10   16    8    4   11   16    1   16   12   15    4    3    6   15    6    3   20    6    6   20   15    4    0    1    4    4   10   16 
  17   19    2   16    7    3   16    0   11    3    2    9    1    5   15   10    5   10    1    7   12   12    2    0    9   11   17   18   11    3    7   15   15   12   14    6   15    4    3    3    2    3   16   10    7    8   15   11   10    4   14   18   10    6   15 
  12   17   11    9   12    4   16    2    0    5    8   15    2    4    9   15    5   11   16   11   15   14    4    1    8    3    2   18   10    2   17    4    2    6   17    5   10   19   15    4   16    8    5   15    4    9   15   15    9   20    1    6   12    3   11 
   2    7   16    6   10   17   18    0    9    0    2    8    6   12    6   15   10    1   13   14    8   11    6    7    7   19    8    2   15    1    2    5   14   19    5    8   12   14    9    0    8   18    9    1    9    5    5    3    7    0   15    1   14    3   12 
  19   14   15   11    4    7    9   12    1    3    0   14   13   10   17    7    9   17   14    5    1    4    9    9    9   10   19   16    0   14    0    5   10   17   13    2   18    4   16    7    8    4   20   13    0   13   20    8    6   12    6    6   12   15   13 
  20   17    4    7    6    3   15    3    5   10   17    0    9   14    3   12   11   18    2   18   19    1   14   19    7   18    9   18    3    2    1   16   13   10    2    0   18   13    8   13   15   15   13    6   17    7   13   15   20   16    9   11   16   18   11 
  11    2    2    2    7    6    3   15    8   17   10    7    0   14    3    8   11   18    9    4    9    9   15   19   17    0    8    7   18   12   10    6   11   11    1    4    8   20    9    2    9    8   15   10    9    3    4   14   18   18    5    7    5    3   18 
   1   16   12   16    9    1    5    5    6   16   17    4    6    0    6   15    4   10   17    2   13    3   19   16    7   17    3    2    0    7   14   18   10    5    6    1   13   10   18    7   19    4    0   12    2   14    3    2   14   12    4    6    5   17    4 
  12   16    9   19    7   19    2   14    3   12    3    4    2   11    0   20   10   19   11    5   10   20    3    7   11    3    6    4   19    5   12    5   20   12   16   17   17   17   10   12   19   10    3    0   15   19    9    7    3    6   15   18   13   10   11 
   7    8   12   12    0   10    2   18   16   18    8    2    8   15   10    0   11   19   18    5   19   13    6    3    2    6    0   14    4    3    2    8   14    1   18    3    9    8   11    5   20    0    5   10    5   11   10   16   14   18    4    1   18    8    8 
  14   13   14    8    6   13   11    2   19   10   20   13    1   18   19    0    0    2   11    5    2    2    5   10   13   17   11   12   14    5   11   11   15   18   12    1   10   14   14   17    5   18   18    1   18    7    6    4    3   18    7   16    3   14    3 
  20    7   17   20   18   17    1    8    9    8   19    1   12    5   20   17   13    0   15   13    1   17    6   10    6    7    8    1   10   16   19    1   11   16    3    6   14   11   16    4    6    0    3   12   19    8    3   14   14    1   15    3    7   11   17 
  11   20   16   19   16    0    6   17   19   12   13    4   16    4   11   15    4   16    0    7   10    6    1   18    7    5    9   10   10    5    3   15    5    8   10    5    8    8   17    7    9   12    8    3   17    9   19   11    7   19   11   13   13   18    3 
   2    5    8    9    7   19   17    6    4    7    2   14    7    6   16   15   12    9   17    0    1    1    1    9   11   13    7    9   10   12    7   14   12    3    6   16    9   17   19    5    3   11    3   19   10   12   11    5   15    4   15    7   15    2    7 
   6   14   17    0    3   12   10    6   14    8    8   19    5   18   15   18   14   19    5   19    0   10    1    6   11    2    7   11    6    0   16    9    3    7   15    7    8    1    3   14    4   11   12    7    2   10    6   19   16   12   20    9   12    4    1 
  17    0   20    1   10   14    6    3    2    6   12   18    6   19    7    1   15    5    3   14   10    0   19    6    0    8   15   19    1    8    2   13    2   19   16   15   15   16   20    6   16    9    2   16    4    2    2    5   14   18    9    4    6   12   16 
  14   11   15   11    9   13   16   14    8    6   13    1    5    8   14    5    9   14   18   20   17   18    0   10    9    3    6   14   16   12   17    7   11   19   11   14    9    8   13    2   15   17   10    6   16   13    4    1    2   14    8    2    7   12    2 
  17    2   16    9    5   16    4   16   16    2    3    2   11   20    3    0   11   10    6   16    4    2   10    0    6   13    8    5   16    9    2   13   20    4   13   10   12   13   18   13    3   13   17    5   20   18    2    6   15    7    9   19   10    2   18 
   3   11   19    2    6    0    3   11    2   17    8   16   12    4    9    8    7    3   16    8    6   10   20   16    0   12   10    7    6   20    6   16    2    8   13   14   17    5   10   10   18   18   19   13   18   14    9    8   15   11    3   18    2    2   17 
   9    4    8   15    4    7   11    8    4   12    3   17   20   15   11    6    2   19   17   17   14   11   15   10   10    0   16   10    4   20    9    1   12   17   17   13    7    8    4   13   17    7   17   12    7    8   14    6   18    4   14   12   16   14    3 
  13    6    8    3   15   15   17   16   20    4   10   18    8    9   19   18   13   12   14   12    2   16   11   17    1   17    0   17   10   16   11   13   10    7   19   17   19   16    0   18   20   14   16   15   14    7    9   17    7    4   19    2   17    5   15 
  17    3    7   15   19    8   19    6    4   18    2   17   16    7    4    8    2    6    2   13    1    1    1    7    3    2    8    0    1    5    3   15    2   19    7    9    2   14   12    4   15    5    1   13   15    5   11    9    7   19   14    6   15    9   14 
   2    4   15   17    9   18    1   15    2   13   16    4    4   12   13    7   10    9    5   11   15    8    3    4    2    4    0    7    0    2   13   16    5    5    7    3   18   18    1   18   14    0   16   13    6    3    0   18    9    8   18   19    4    4   15 
   3   15   15    6    7    3   15    0   19    6   15    9   18   12    4    3    5   19    6    1   19    7   15    3    5    5   16   15   11    0    8   14    3    8   12   12    7    2   11   10    0   15    6    1   12   11   14   10    2   18    5   12   18    6   14 
   4   13    5   20   14   13   11    2   20   11   10    3   11   12    8   15   16   20    3    7    8   15   10    4    6   10   19    4    4   10    0   15   16    8   15    6   19    8   10    4   13   11    2    2   15   14   10    0    2    2    2   14    5   16    1 
   6   18    3    3   20   13   10   15   17    7    3    1    5    4   20   20   11   17   18   12   19   13   15    5    3    7   16    2    0   14    2    0    9   17   11    1    1   11   18    7    6   15   13    9    6   10   10   18   14   19    4    2   14   10    5 
  15   10    3   16   16    3    5    0   17   17   15   14   12    9   10    4    2   15   14   19    7    2    5    1   19    1    9   13    3   16   13    5    0   10   12   17   16   20   15   17   20   13    9   11    8   16   17    8    3    4    9    4    2    8    7 
  13   13   18   17    4   15   11    2    3    9    3   13    0   13   10   10   16   11   14   17   12   10    5   18   18   20   20   18   16    2   17   19    4    0    5    0    9   10   11   18   18    4   12   13   12    2   16    3    3   18   15    0    1    9   11 
  19   12    8   14   11    7   13    8   14   14   13    1   16   15   10    4   18   16   12    9   16   20   15   19   16   19    3    8    4   18    8    3   19   16    0    6   13   13    6   18   12    1   14    1    5    4    7    7   20   14    1   12   17   18    5 
   4   16    8    4    1   14   16   19   17    0    7    6    3    0   16    7    8    0    0   19   16   10   10    2    8   15   16    5    3    4    4    5   18    2   10    0   17    1    1    3    4   19    8   11   15    2   18    7   19   15    8   14   13   18    3 
  10   10   16   17    2   14   17   18   11    6   17    5    4   19   18   15   15    6   10   13    2    2    0    8   13   15   19   19   20   16   18    5   12    3   11    1    0    2    9    6   16   18   14   14   16    3   20   12   16   16    7    6   18   10   10 
  19   16   20    5    7   13    8    2   13    2   13    8   19   18   11    9   17   15    6   13   14   10    4    5    2    1   17    1   18    8   11   19    7    5    1   10    6    0    4    4   19    3   14   12   13   20   11   14    5    2    0    2    2    0   13 
  15    9   13    8    0   10    3    3    9   13   10    5    2    6    7    0    3    8   10   14    4   13    3   19   16    8   14   15   17   15   17   17   13    8    7   15   11   12    0   11   11    1    2    2   16   20   17    6   18   20    7   11    6   20   12 
  19    1    6    5    5    1   10    5   19    7   13    6   17   19    3    4    8   14   20   12    3   14   17   14    8   13    7    8   15   15    1   17    0    6    6   11    8    6   19    0    0    5    8    5    6    4   11    1   11   14    2   10    1    6    6 
  12   11   14   17   18    8    8   14   15   20    1   18    9    2   11   18   14   18    1   13   10    4    8   14    6    5    6    4    7    9   12   15   20   15    9   13   12    3   18    6    0    0   11   15   15    7    3   18    2    5   10    1   15    6    8 
  18   17    3   12    8   17    4   15   12    1   16   11    8   15    5   17   13   18   12   10   14    6    4   18   12   16   12    8   20    7   16    0   17   18    1   12   18    9    2   11    4    0    9   13   14    5   11   15   20    2   11    7   19   19   16 
  17   10   18    6   19   11    1   12   17   18   18    4   14    2   17    2    1   15   14    2   13   14    5    8   19   20   14   20    6   15   11    8   11    3    5    9    4   11    3    3   10   12    0    5    2   14   13    6   15   10   11    3   11    5   14 
  16   14   17   17    9   19   11    0    6   18   19    9    2   11    9   10    9    8    2    3   19   12   12   10   14    9   12    9   15    9   19   17    6    3    2   20   13   14    3    4   18    5    7    0    0    8   10    9    2   18    0   12   12   13   16 
   2   10    8    4   10   16   14    3   12    1    6   17   14   15   11    8    2   13    6   13   15   17    8   10   18    5    4    7   11   13    7   11    1   19    6    9    9    5   14   16    6   14    2   11    0    4    4    9   12    2    2    3   18    3    6 
   2    2   14   10   13   17    2    6    6    2    9    3    5   17   12    0   12   17   12    8    5   17   16   18   11   13   17    2    4    2    2   20   13    1   14   15   15   11    1   20   16   19    6    7   14    0    8    7   20   12   12   17    6   18   13 
  12    6    4   12    5   19   16   19    9    1    3    4   17    2   19    1    7   17    6    2   15   14   20   18   11    1   10    3    2   12   16    4   17    7    6    4   15   11    3   11   18    2    6   14   13   11    0   20    1   11   17    6   11    3   14 
   5   12   12   20    5   13    8   11    3   17   13   17    8    5    4    3   16   13    4   18    5   16    7   10   19    7    3    9   13    6   18   15    8   12    3   20   11   16   12    7   14    9    6   19    4   16   18    0    4    1    8   19    9   17    7 
  14   11    3    3   16   16    1   14    9    2   18   18   19    4   18    6   15    5    3   14   11   11   17   14   18    5   16   12   18   12    5   13   11   12    2    5   15   11    3    8    1   20   16   16   18   18    1    5    0    9    2    7   15   12    5 
  12   10    5   12    6   15    8    9   19   15    4    6    6    0   17    7   13    7   10   19    9    6    1    7   12   14   10    1   20   12   10    2   10    6    5    6   13   19    6   13    7    4   19   13    8    9   12   17    2    0   17   20    4    3   12 
  14   17   11   15    9   11    3   10    2    7    3    4   18   14   12    4   19    8    3   11   12   16   18   17    2    8   16    4   15    2   20   19   20    3   14   19    6    3   10   18    4   18   13   16   12    0    3   14    8    3    0    5    6    2    4 
  13    3    2   10    9    4   16   17    4   18   18   19    3    6    3   15    3   16    0    3   15   13   18   14   16   19    2   10   10   10   18    5    6    6   14    6    6   10   17    5    1    1    2    9   15   16    3    1   13   14    8    0    7   10   10 
  16    6    7    1   12    1   12    3   17    0    5   14   18    8   17    6    7   13   19    2   11   10   16   17   10    1    0   16    4   18   14    8   11    8    7   10   12    2   13   19   19    3    2   11   16    1   13   20   13   17   20   16    0    8   18 
   4    5   18    6   16    7    9   20    4    9   19   11    4   19    2    7   11    9    2    8   11    5   12    8   10    6    1    9   10    5   17    7    7   10   20   11    1    9   17    5   19   15    8    7   10   10   17    1   11    5    8   19    2    0    0 
  18    2   17    3   11   19   20   11    1   15    8    1    1    2   15   19    8   10   19   15    5    1    6    9   13   12    7   12    2    9   17    5   16   14   10   15    6    7    9   11   10   17    4    0   12   10    3    3   13    9    5   10    8    2    0 
