          25      0     0
   88   62  147  104  132   88  118   97  103  126   98  100  106   72   46
   81   87  111   77   39  131  104   95  113  102
  968 1004 1035 1041 1043 1469 1545 1558 1691 1771 1874 1960 1983 2216 2621
 2647 2706 2740 2768 2786 2965 2983 3101 3283 3380
    5    4    0    5   16    6   19   20   13   18   14   11   17   13    1
    6   10    0   19   19    6    8   10   12    0    0    6   20    7   10
   12    3   20   20   10    3    9   20    2   20   12   17   11   11    3
   16   18   11    4   20   12    0   13   13   18   15   17    1   11    0
    0    6   10   19    3   14   10    3    9    0   16    7   11    8   13
   18   17    0   13   20   16   11   11   19   11   12    6   19    7    0
    6   15   10    0    2    4   18    8    3   16    9    9    9    0   15
    1   14    7   11    3   20    1   20    3    9   14    1    2    5    5
   12    1   14    2   15   17    4    3   16    0   16   15   14    2   12
   14   19   20    6   20    5   12   13   11    3   18   19   19   12   18
    1   19   18   15   17    0   20    8   10    1   17    7    8   18   17
    8   13    2    4    0    2   20   11    2    6    7    1    9   10   14
   20    0    4   10    2    3   15    7   19    6   11    9   11    4   20
    8   19   11   17    2    2   15   11   15    5    1    9    0   18    7
   15    2   10   19   20   11   12    7    9   20   14   14   17   19   15
    2   12    9    9    5   11   17   14    0    2   16   18    9   13    9
    4   16    0   12   19   18   11   19    0   16   17   16   19    7   18
    9   17   13    1    0    8    4   19   15    7   17    4   19    2   19
    6   10    2   12   16   13    8    8    3   13   11   15   17   12   12
    0    3    1   10   19    5    9    3    9    2    8    0   14    2    2
    5   19   18    8    0    4    6    1   10   11   18    0   16    4    3
   10    5    9   19    1    0   18    0   17   11    0    5   14   20    5
    3    8   20    9   12   19   19    0   16   16    6    0   16    1   15
   16   11   14   15    0   11   16    0    0   20   16   16    8    7   11
   20   11   10    0    8    6   15    3    3   14   10   19    6    5   18
   15   19   17   15   12    7    3    3   19   11   13   17   10   12    0
    6    2    3    4    6   20    2   19   11    6   10    0   10   15    8
    8    2   15    4    6    5   16   20    3    0    0    3   12    3    8
    3   10    2   17    5   12   12    9    0    9    1   16    5    4   19
   15   19    4    6   19    0    0   15    2   15    0    3   19   17   12
   10    1    0   16   11    4    6   16    9    9   14   14   10    3    0
    4   14    0   14    4    5   10    0    4   12   10    7    7   14   19
   19   19    6    6    3    3    7   20   16    9   16    2   18    0   15
    5   20   14   16    6   20   11   16   16   11    1    5    2   17   12
   10   14    5   11    0    0    0   12    6    0   12    0   11   14   19
   20   15    0   13    0    1   15    7    3    9    6    4    6    3    7
   16   13   12   17    2    0   20    8   12   16    0   11    4   13   10
   13   13    1    9   12    0    4    7    5   20   10   20   16    1    8
   10    0    2    7   15    1    3    3    8   15    1    4    2   16    7
    2    8   10    2    1   13    7   10   19    8    4    8    0   17    0
   14    9   11   20    5    1   16    7   13   13   12   13    5   18    0
    4    7   18    0    4   20    4    1    0   20   13   18    6   12    3
   12    4    1    6   10    0    1   19    8   17    1    5   13   15    8
   12    6   11   18    0

