  55  0    0   PROB554.txt    L    M    W
 102  105  103   96  109  111   89  102   97   97  102  113  102   97  104   99   98  103   99   94  100   97   99  101  100   98  100   97   96   97   94  103   96   99  100  106  101  110   89  103   95   96  106   97  101  103   95   99   90  100   98   96   99  101   89 
 -36  106  114  298  789  966 1066 1092 1188 1219 1224 1225 1265 1418 1514 1607 1886 1925 1936 2195 2244 2365 2429 2454 2599 2642 2713 2770 2776 2803 2843 2874 2905 3166 3192 3199 3371 3401 3582 3631 3679 3959 3972 4196 4200 4208 4228 4375 4602 4635 4685 4796 4813 4908 5053 
  19   13   10   10   13   12    7    1    9   19    8   17    4   17    1    1    8    3   20   14    3   16   10   16   11    6    3    8    1   15   17   18    8   19   17    4    1   11    1    4   18   17   18   17   14   14    6    9    2    4   17    7    7    9   18 
   0   15   18    4   10    5    7   19   14    2   19    4   15   15    0    3   10   11   20    3    9   13    6   19    9   14   19    8   18   16   14    5   17    4    4   19   10    2    4    8   18   11    1    6   11   12    5   12    4    9    5    4   16    9    4 
  15    0   15    6   18   17    2   18   17   12   11   13   14    9   12   17    4    4   12    7   10   13   12    7   14    5   10    0    9    8    1    8    7   18   19    6    9    9    3    4   14    4    9    3    6   17    5   20    6    8   11    2    3    0   19 
  20    8    0    8    4    8    3    2   17   10    9   11   15   18   19   19    8    3   15    8   19   14    8    6   10   15    8   20    7    2    9   20   11    3   18   19    0    0    4   18   18   20   15    3   10   17    3   12    1    5   17   14   18    1    5 
  12   12   10    0    0    5    4   12    2    4   19    4   14    6    7    2    7    0   12    8   14    9   15   19    7    6    8   12   15    4   20   16   13   11   12    7    0   16   18   16   19   14    4    6    1    3   16   13    1   17    1    6   13    5   12 
  17   14    2   11    0   12   10    4   16   11   19    3    9   17   20   10    9    4   13   18   18    8    7    2    0    3    7    3    7   14   13    9    8    2    2    4   17    6   19   16    6    2    9    2   10   14   14    0   12   15    4   12    9    1   18 
   1   14   10   11   16    0    1    7   19   15    6   12    8   11   18    4    0   15   14    1   13   16    3   17    6    3   11    5    5   17    1    9   19   10   12   15   15   11    4   17   10    1    2   12   13   10    2    4    9   18    8   18   15   11    5 
   6   19   17   17   11    8    0    9   19    4   13   12    9   17   19    2   17    6    5   10   18    0   13   15    9   19   15   18    6   13    5    7   17    5    7   18    7    2    1    4   17   11   10    5    7    0   15    2   16    8    1   12   18    0   15 
   7   19   13   15   11   16    7    0    5    4    7   19    2   15   18   12    2    3   19   19   18    7    2    3   19    3   10    0   12   14   14   20   10    1   17   12    6    4    1    7    2    2    2    1    2    8   19   12   17    4   13    2   14   11   20 
  13   14    7    1   11   20    4   14    0   10   13    5    7   15    9   17    0    8    3    2   11   11   16   15   19    1   17    4    9    4    5   12   11   17   16    9   19    5   19    2   13   15   20   14    8    4   13   20   19    3    0   17    9    6    2 
   9   20    2    6    8   15   17   20   17    0    7   17   12    4    1    4   11    8    6   18    8    8   11    5   12   20   15    4    9    9    7    2   13   15   10    7    5    2   11    9   13   15    9   15    8    5    4   16    3    0    7   11   15    8    6 
  15   19   20   16    5   16    2   18    9   11    0    8    3    1    0   19   11    1    6   16   14    7   15   13   11   10   11   15   12    9   15   14   18    3   19   10   12   14   16    3    6   15    9    1    7    9    4    5    9   19   15    9   19   16    6 
  11   14   17   14    8    4   10    4    9   15   10    0    6   14   12   14   10   14    8    4    9    2    5   16    8    8    7   19   19   13   18    5    3    8   17   16    0   17    3   14    2    8    4   15    3   18   13   18   12    5    6    9   10   18   11 
   5   18    0    5   16    1   18   10   16   14    6   13    0    5   13   16   13   15    5   12   18    7   11   18    4    2    7   11    2    1   15   16    5   17   19   13    5    0   13    3   20   17   20    1   13   12    1    5   14    2   18   17   11   11   18 
   3    8   17    0   17   13   17    2   11   19    4    3   13    0   10    1    7   13    4   11    4   18   10    0   11   17   11    3    7    1   17    4   17   18   16    2   11    2    9   17   15   15    6   16    5    5    9   19    4   10   11   18   17   18    4 
  17   19    8    2   18    7   15   13   13    7    2    1    0    6    0    8    8   11    8    6    4   11    2    7    7   13    1   17   12    6   16   20    9    2    1    9    9    5    5   17    6   14    4   19   19    8   17    1   11    9   19   17   17   12    5 
  19    1    8   12    4   18    6    9   17    2   14   15   18    2    5    0   14    7   15    3   17   16   13    2   13   11    2   16    9   12   10    1   10   17   18    7   16   17    3    2   17   10   18   17    7   10   17   16   16   16    1   17    5    4    6 
   5    9    2    9   14   20    6    7   18    9   11    7    6    0    2   12    0   15   18    1   19    9    9    6    6    4   13   19   18   18    6    4    4   10    8   16   14    4    2    6    7   18   18   16    5    7    1    1   10    8   19   15    2    8   19 
   2    6    6   16   12   17   12    5   14    9   14    1   13    4    7    9   11    0    3   11   19   18    8   15    6   17    8   14   19   10    1    3   12   13   18    5   18   19    6   12   11    4   17    4   14   17    8   16    3   10   20    3    7   14    1 
   1   13    5    5   14   14   17   18   11    3    8    5   15   10    8    2   17    4    0   16    6    1   15   18    0    7   13   10    4    5   19    3    8    1   19    9    1    9    1    3   13    6   11   17    4   16    4    6    1   10    3    2    7   19    5 
   2   19    7    4    5    7   15   16   15    1   18   14    5    2   19    8   10    8    9    0   15    6   19    1    4    1   16   10    6   17    1    1   16   17    6    3    3    0   13    5    3   18   20   17   19   17    1   11    9   14    1   12    6   16   20 
  13    8    5    2    8   15   12    1    3   11    1    9    9   11   13   10    1   12   10   16    0   11   13    1    8    2   17   12   19    5    7   12    9   11   20   14   17   16   20    3   19   10    2    1    3    2   14   14   16   13    5    5   17    1    5 
   7    4    1    4   12   14   15   12    4   14    9    2   13    9   11   17   13    2    7   17    6    0   19    9    7    1   18    2   16    6    8    1   15   12   14    9   10    5    6    2    3   12   20    5    6    7    4    7    4   12   12    4   11   10   11 
   4    7   19    2   15    8    9    7   13    5    9    2    8   19    1   18    7    7    0    7   14   14    0   12    5   14   16    6    8    1   13   15    5    6   14    4   13   10   10   10    6    1    2   16    1    7   15   17   18   14   15   14   11    7    6 
  14   15    6    8    3   15    2    5   18   15   13    4    4   19    3    6    9   12   16    1    2   14    8    0   17    2   12    8    9    8    3   12    3    7    9    6    9   19    0   15   11   19   11    5    7    9   16    6   13   14    6    4   19   15   11 
  11    0    8   10    7    2   16   14   10   13    4   16   19    4   14    2   14   17   17   19    8   19   14   10    0    8    2   11   17   17   17    9    5   16    3    8   18    6   17   19    0   15   15    6   18    1    0   15   15    3   12   11    1    9   18 
  16    9   18   15   18   10    0   17   14   19    3   11    3    3   17    7   11   16   16    0    4    3    6    2    6    0    7    4   17   10   10   20   14    5    7    3   20    2    6   16   19   13    5   19    7   20   12   17   10   20    3    8   19    1   15 
   7    3   16   12   13    2   16   17   12   17   14   15    3   13   17    3   19   15    8   17   11    8    3   15   12    8    0    0   16    7    4    1    8   14   10   12   16    6   17    7    3    6    1   18    3    2    5   13   15   17    8    0    8    9    4 
   9   11    6    7    9   11    9   10    6    1    6    9    6   11    3    8    2   11   13    4   13   19   12    5   13   17   18    0    2   14    7   11    1    7   17   15    9    8    8    7    8    5    8   14    1   16    6    0    4   14   20   13   13   16   19 
   0   10    3   10   17    0   10   16    8    1    6    4    2   18   11   17    7   15    6   10    7   14    6   20    1    1   19   20    0   10    8    0    2    4   14    9    0   19   15    5   16    2   11   19   11   11   16   12    7   10   11   20   11    8   15 
   5   15    0    9   16    1   13   19    0    6    9   15    8   14   12   10   17   14   19   15    5   13    1    4   15   15    8   13    8    0   14   18    0    3   15    3    1   16    9    0    8   18   12   15    2    8   17   12   13   14   11    8   16   13   20 
   7   11    2   17    9    3   12   11    7   16    2    0   10   19    9    2   14   17    7   12    8    6   16    4   19    6    9   19   14   15    0   14    6   15    6   17   18   15    3    7   14   20    6   12   17    3    7   15   10    9   11    1   13   16   11 
   8    7    7    4    6    9   16    7   12   12    2   12    1    5   16   13   15   10   15    7   12    2   19    9    9    8    9   12    4    9    6    0   12   13    1    5    0    6    5    7   18    4   17   14   17    0   16   13   19    6   18   10    3   19   20 
   3    2   18    6    1   18    3   13    2    9   10    9   10   10    9   15   20   13    8    6    8    2   14    5   16    9   11    4    1   11   16   11    0   10   16   17   14   13    5   13   15   16   12    5   19    9   18   12    8   17    4    4   19    9    5 
  15   16    2   12    0   18    5   14    8   12    6    9    2   15   14    8    2    4    3   12    3    3   11    7   11    6    9   17   10    0    3   14   17    0    6   17   11   19   16    8   15    3    3   13    9   13   15   11   17   12    2    2    7   13   16 
   3   17   19    4    1    7    8    0    4    4   11   13   13   16   18   19    9   10    5   10   13    9    5    7   15   15    2   17   13    1   16    2    7    6    0   15    3    4    7   12    6    9    2    5    4    8    4   12    0   17    4   14    2   19   13 
  10    6   13   17   19   14    1   14   16   17    6   10   13   15   18   10    1   12    2    2   11   16   19    4   13   19   13    0   19    5    2    7   19   14   11    0    6   15   19    9    1    1   11   17    8   19    7   12    3   19   18   13   10   11   12 
   0    6   17    5    5   11   12    4    3    2   14    4   13    3    4    4   15    9    3   10   18    6    8   17   20    7    9    9   18    5   13    9   13   17    1   10    0    7    5   20    3   19    3   12   11    5    7   18    7   11    1   19   15   12    1 
  19    3   15    6   10    3   10    3    6   19   15   10   16    1    9   14    7   16    2    4   14    8   14   11   19   13    2    8    6    3    8    9    8   18    0    0   13    0    5    1   12   10    9   19   19   12   11   19   10   18   17    3    8   18   18 
   2    3   19   20    9    8   10   15   10    6   11   11    5   13   19   19    8   15   15   16   15    8   11    7    7   16   12    3   10   14   14   16    3   17    9    5    4   14    0   10   13    0   10    6   17    5    9    8    2   17    2   11    1    1    8 
  11   16    1    5   12    0   11   13   12   18    6    1    0    8    2    2   10   13    1   15   19   18    3   14   16    2   13   11   14   13    7    2   11   12    3   14    7   12   19    0    0    9    9   11   12    9    2   17    8   17    7    7   16   13    2 
   7   15    3   18    3    8    2    5    6   16   11    9   20    5    7   18    6    1   18    2   11   10   10   11   13   16    0    0   17   15   13   18    3    4    3   17   12   18   11    4    0   10   18    7   12   17   13   10   20    2    5   14   10    5    5 
  19   13    3    7    8    2    6   11    6   18   12   16   15   11   13   19    3    8   17    5   14    4    5   20   14   13    1   10   12   14   13    7    7   14   16    9    5    5   15    4    2    0   13   16    9    8    3   19   12    9   18   16   10   19    4 
   2   13   10    1   12   17    5   10   19    3    2    0   10    8   17   17   14    4   15   11   17   13   10    2   16   12    2   11    3    1    4    3   20    7   14   15    9    3    0   16    1    9    0   18    0    1   13    3    8    6   18   16   11   16   17 
   7   12   12   19   14    5   20   15    2   15   18   14    2   16    4   16   15    4   15    8   10    0   14   16   15   14    7   19    8    9    2    7   17    2   14   20    1   14    2   12   16   14    8    0   11   11    5    4   13   15    2   20   15    0    1 
  17    9    7    4    2   13    2   10   17   15   14    9   19    4    7    9    3   12    9    1   10   16    7   10   11   18   16    1    5    9   17    2   10   11    6   13   13    5   19   16   17    5   10   18    0   13   13   10    3    8   15   18    7    1   19 
  15    4    1    0   14    8    6   20    1    0    5   11   14   18    7    8    9   16   16    8   13   18   16    9   16   12   17   10    2    0   17    1   13    3   17   17   12    7   18    4    9   15    2   10    4    0    8   18   14   18   18   18   16    2   19 
   2    6   19    5   17   18    4    4    4   12    6    4   10   18   10   14   16    3   10   10   12    1    8    7   14   14    4    4    6   19   11    6    5    3   17    9    5    8   14    7   18   16    8   20   16    4    0    2   10    2    9    8   11    5   14 
   9    3    2   12   11   11    5   16   17    4   16    7   20    4   16    8    1   16    3   19    9    6   14   18    7   10   12    0    8    7   15   18    7   10   12   17   19    5    7   19   12   11   19   17    1   10    8    0    9    5    8    8   16    4   19 
  19   12    9    7   19   15    0   10   15    3   17   10    8    8   16    8   14    8   10   10   19    9    2    7    3    1   15   19   18    9   11    5   12   18    8    2    8    8   19   10    0    6    9   17   15    4    5    1    0   20   11   15   14   14    3 
  18    8   15   12    2   10   20   19    3    5    4   19   20   15   15   13   15   13   12    6   11    1   14    7   11   13   20   15    3   10   16    1    8    1   16    4   16    2    3   16   19   16    6    1    8   15    2   17    5    0    7   11    5    5    9 
  11   12    2   18   11   10   19   12    9   20    9   18   15   17    7   14    2    7   13   18    5   19   11    4    9    2   18    3    3    6    7    2    2    9   15    4   18   16    2    8    0    1   17    3   10   15   16   12   15   11    0   14    6   12   11 
  10   13    5   13    0    1   18   18    8   17   16    2    2    4    6    5    5   16   18   15    0   13   16   16    2    2    7    1    2   14    9    9    2   15   17    3    7    3   19   10    7    6   18    8   17    6   13    1   16   19   16    0    6    8    1 
  10    6    8   20   10   10    4   20    7   15    5   19   13   19    8    3    9    0   16   10    6   10    9   12   11    8   19    3   19    6   14    7   18   15   10    5   18    4    2   18   13   16   19   13   10   20   10   19   19   12    6   20    0    2    8 
   5   20   19    6    5   10   12   14    6   18   17   20    8   13    7    1    3    1    6   16    1    2    2    6   13   19   10   10    2   19    8    7   20    1    1   16   11   19    5    8    4    1    8    3    7   14    1    6    1   13   17   19    6    0    4 
  10    3    7    3   16    3    1    5   19    8   14   19   11    7    3   14   14    5   19    4    0    6   10    5    9   20   17   16   14   11   17   13   15    4   15    6    6    0   10    5    6    8    4    9   13    2   19   13   10    6   17    3    4    3    0 
