          35      13274 0
   85  173  105   97   98   87   92   66  107   70   68   98  105   94   67
   86  129  117  100  107   85   96   58   76  106  124   72  127   89  109
  123   75  134   79   99
 1183 1208 1223 1249 1250 1258 1260 1310 1320 1371 1413 1477 1478 1535 1567
 1571 1571 1592 1624 1631 1633 1640 1654 1669 1672 1722 1739 1779 1781 1792
 1842 1865 1881 1890 1925
    7    2   19    8   20   12   16   12    6    7   13   18    6   14    7
   17    1   11    2   16   18    2    6   13    7    0    8    5    1   18
    8   10   11    8    0    0   13   15   11   10   18    5    6    7    3
   10    7   20   10    1   18    2   15    5   20    0    6   12   10   19
   17   20    5    0   10   19   14   18   12    9    2    0   19   15   12
   15    2    4    2    4    1   17   15   14    6   19    8    8   16   11
    9    7   14    3   12    8    2    1    8   11   12   18   12    5    5
    7    1    0   11   17   16   13   18   19   20   10    4   15    1    3
   16    4   19   14   17   18   19   17   12   15    8   19   20   19   20
   17   19    5    5   13    9    5    5    0    8    5   19   16    8   17
    8   17   14   12    8    4   19    5   13   13   16   14   20   18    9
    4    1   13   11    4   15   13    1   19    9    6   13    5   16    0
    7    4   18    4    4    9    6    7   19    2    2    9   16    4    5
    9    4   19   18   13    4   18   17   15    5    1    4   14   19    4
   14   16   18    8   16    0   14    1    1   17    8    2   15   20    4
    8    8   15   16    1    1   17    6    7   18    3    2   10    6    9
    2   20   14   18    8   16    8   20   16   11   19    0    4    6   13
    3    2    0    9    5    5    6    9    8   16   13    5    8    8   18
   10   14    9    2   18    5   12    5   18   18   12   14    4    6   16
   14    2    0   19    8    7   10    2   18   14   17   19    7    2   20
    1    7    8   11   13   20    3    3   14   12    8    7   14   18    1
   10   19   18    5    2   13   16    2    0    4   18    8   13   11   14
   13   17   16   18   12    9   17    9    9   19    6    0    0    2    0
    5   14   11   16    1    1   14   12   18   11   10   20   19    2    0
   18   14   20   17    8    2   14    0   12    3   12    1   10   14   16
    1    2   13    1    0    2    6   13   10   11    4   10    7    1   10
    5   20   12   20    1    0    6    7    1   20   19   11    8    7   15
    6   13    6   16   11    5   13   20    3   17    9   15   20   13    3
   17   12    7   12   14   19   20   10    8   11    3    0    5   10   10
   15    0    5    8    0    7    3    4    9   20    0   11   11   17    0
   15    9   18    1   15   19   15   12   11    1   19   10    7    2   10
   17   11    0   15   13    0   14   11    8   16   12    1   19   12    2
   19   17    6   19    6    5   13   10   15   13   14   15   12    9   18
   17    0   19    4    4   13    7    4    0   11   16   17    7   14   12
   16   10   13   16    0    9   13    8    7    1    1   11    3    8   10
   11   19   19   10   16   19    3    0   15   13   15    0   12    1    0
   14    8   14    6   17   14    5    1   18    5    1   11   11    7   15
    5    5    9   15    1    3    5    4   15   12    1   20   17   20   15
    4    5    7   10    0    0    0    4   11    3    8    7   17    0   10
   18    0   12   19   14    7    5   14   16    9   16    8    2   16   12
   19   18   18    0   10   11    6   17    0   13    4    0    1   19   14
   17   11   12   12   18   19    7   17   10    2   10   20    7    2   10
   13    8   16    7   14   13    3    2    1   13    2   20   10   10    4
   17   14    0   20   14    1   17    2    5    2    2   19    5    0   15
   14    9   18   15   20    2    1   11    2    7   15    6    0   18   15
    6    9   13   15    7    5   20   18    0   18   18    2   12    2   11
   17    6   11   17    0    9    5   19   10    1    5    1   13    6   20
   15    1    8    0   12   13   12    9   20    9    9   20    8   13    0
    1   12   12   13   12    6    6    8   19    1    8   19    4   16    3
    9   10   12   12    2   10   15    5    4    1   19    2    8   12   15
   11   14   12    6    6    0    2    2    0   17   12   14    1   20   17
   14   10   12   14    3    8   15   19   12    5    7   20   15    3   14
    8    8   10    5   19    4    1    4   19    5    7    0    8   10   15
    4    9   16   17   20    0   19   10   18   15   12    7   10   10    1
   18   17    9   14    3    6   17   14   16   10    3    9   10    7   20
   20   12    0   19   12    7   16    7   19   15    7   18   14    3    4
    9    2    7   16    6    9    3    7    8   12    8   20    9   20   10
   14    4    5   17    9   10    8    1    0    2    0    1    1   15   11
    4    5   20   19   15    8   18    8   20   19    3   13   15    1   18
   19    7   18   12    2    9    8   16    3   20   20    2   14    4    0
    0   13   20   14   17    2    0    0   11   16    2   16    5    2   12
   13   20    0    0   20    0    1   11   12   20   11    1   19   10    2
    0   20   20   20   19    0    0    0    4   18    4   13   20   19   20
    1   12   10   12   14    8    4   15    7   20   19   11   19    3    8
   20    2    1    0    6    7    7    8    1   15    4    0    2   13   18
   10    7    3    9   16    4    0    7    1   11   16   13   13   11    5
    1   15   13    6    0    0    0    5   12   13    0   19   18    0   19
    3    2    0   12   18   15   17   12   17   12    3   12   20    7    0
    7    7   11    6    1   19    8   18   15   15   18   20    4    1    0
   19   17    5   19    9   11    4    0    0    0   12   17    6   10    3
   19   13   18   11    7   15    3   17   15   13    8   13    7    7   10
    3    6   11    7   14    8    0    7   20   14    6    2    9   15    0
    7    6    0    4    7   19   20   18    9   15    9   12    8   11    3
   18    3    2    9    3   12   18   15   10   14   13    3    5    2    6
   17    1   13    0    5    0   12    6    2   13   14   17   19    3   13
   12    7   17   18    6    1    5   20   19   18   20   11    7   16    0
   10   14   14    5    5   13    4   20   14    2    3    0    5    3    8
    0    6   15   18   15   18   20   13   11    8   13   18   14   11   19
   17   16    6   16   15   14   13    3    8   11    7   11   13    1   17
    9    4    0    4    9   14    4   14   18   14   19    3   12   11    3
   12   17   10    1   20   12    7    1   10    5    6   17   11    8   17
   14   11   20    9    1   10    1   12    0    7   13   12    8    1   19
   15   20    1    8   20    8    7   13   19    8    4    7    4    9   17
    5    2   16    1   18    5   10   14   11    9   11    7    9   15    0

