          35      17774 0
  101  101   95  111  108  111   95   99   93  103   97   97   99  103   99
   99   93  100   90  108   95   91   96  107  109  100  100  100   98   92
   97   94  100  100  102
 1170 1174 1190 1203 1214 1217 1235 1326 1364 1407 1436 1440 1455 1456 1532
 1551 1558 1563 1568 1569 1576 1581 1638 1660 1665 1670 1730 1739 1761 1773
 1792 1796 1824 1839 1860
   18   12   15   14   11   13   15   15   20    6    7    8    4    4    3
   16    2    9    5    6   11   12   19    0    0    9    5    6    6   12
   20   17    9    6   16    0    1   19    7   11   18    4    1    4   13
    4    9    2    5   10   14    2   13   12    3   15    2   17    5    7
   15   15   14   20   16   17   11    5    8    8    7    0    0   10   12
   19   16   18   11    2   16   11    5   17    0   16    9   11    5    2
   18    6    7    5    5    8    4   18    9   15    5    6    7    2   11
    2   12    0   20    5    4   13    2    2    8   13    0   14   19   12
   13    2   17    9    3   11   15    1    5   20   18    8   15    8   19
    0   19   15   16    4   19    2   18    0    1   12   11    1   10   10
   12    3    1    5   14    6   14   15    2    1    2    5    3    7    9
    6   12    4    0   12   13   15   17   19    2    5   20   20   20    0
   15    2   10   14   13   15    0   10   15   12    9   13    3   10   13
   16    6    3   16    3    6   15   14    4    6   17    7   20   12   18
   18    7   10    3   10    0   19    7    6   20   15   13   11    4    9
    5    9    2   17    0   19   14   10   17    8    1    7   15   20    4
    1   14   10    2   19   16   10   13    0   14   19    0    7    2    7
   10    7   15   15   20   19    7    7   15   19    6    2   20   10    1
    4   17   19    9   19    3   11    1    5   18    6   19    5    3   18
   17   11    0   13   18   13    3   16   11    5    8    4    4    4   17
   14    2    9   15    7   19    4   18   10   11   11   19   15    0   11
   11   19    6   19   13   13    3    3    0    6   11   19    0   10    5
   19   11    5   16   15   20   14   11    7   17    4   12   20    3   13
   11    1   11   12   19    2   16   20   20    6   12   12    0   10    0
    7   20    9    9   20   13    6   19   20    8    5   16   12    5    5
    3   17   17   20    0    7   10   14    1   18    4   18    9    5    7
   20    8   16    8   19    0    2   20    3    1    9    6   17   15   20
    2   17   16    9   16    8   20    3   14    4    1   17   11   15   13
    8   11    8   15    3    8    7   10    8   15    7    0    0   15   17
   16    3   14    5   20    4    2    6   11   10   16    2   13   18    5
   14   20   12    8   16    3    8   10   17    0   17   12   15   16   17
   18    0    0    8    0   19   18    3    2   14    3    2   18   17   14
   10    9    9    7   13    5   19    0   17   18    5    9    1   18    5
    6   11   12    2   14    6   17    3    0   17   19   10    7    6   10
   15    7   11   15   13   19    0    4   15   14    3    7   11   20    0
   13   14   18    7   10   14   17   20   11    6   10    4    3   12    0
   16    3    0    0    6   12   18   19   10    3   19   16   11   12   10
   18    3   12   16   19   15   15    6   10   20    8   13    9   14    6
   14   14   13   18   20    0   13    1   13   18    7   10    5    4   14
   16   17   15    6    2    5    0   13    5   10   16    5    3    4   14
    2    8   12   18   11    7   15   12   13   19    8    0    6    9    6
   19   12   18    6    5   17    6   15    0   11   14   12   20    4    7
    4    5   15    5   19   17   10    1    8    1    1   14   12   11    8
   17   13    0   16   11   11    7    8   19   15   18    6    7    1   11
   15    4   14   11    6    8    6   20   18    2    0   15   18    8   10
    2    6    4   17    3    3    1    1    0    4   10   16   17    4    5
    3    1    2   11   12   19   20   19    5    0   13    7   10   19   12
   20    9   10   19   16    6   14    2    9    9   16   19    3    7    0
   19   20    2    9   20   20   18    3    6   15    5   17    2    5   17
    0    5   18   13    0   15   10   10    9    9    8    1   18   10   14
   15   11   14   20    2    0   12   16    8    0    6    6   15   10    1
   20   16   14    3    7    3    7   13   20   13    6    8    5    7    1
   10   14    6   13    1    6    7   20   10   18   19    0   10   18    0
    6   14    8    2   16    3    6    3    6   20   10    2   10   13    3
   12    3   16    7    6    8    2   13   16   14   16   19    4    1   15
    8    8    0   14    2   13    7   11    5   13   17    8    0    0    5
    7   17    1    4   16   11   18   19    7    9    8    9   17    4   18
   18    8    8    2    1    0    7   20    0   19   11   11    1    4    5
   11    3    0   14   20    9    6   19    4   12   13   17    4   20   13
   17   13   13    4    5    7   11    6    1   14   18   11    2   17    0
   20   11   15   18   14   18    8    5   10   15    6   16    7   12    0
    4   10    8   19    3    9   18    3   20   10   17    7   16   19   12
    5   11   16   18   13    0   15    4   10    5    2   19    5    5    6
    5   13    8    4    8    6    7   15   20   13   12   19    0    8    3
    2    6   13    0    2    2    4   10    2    5    4    0    4    4   18
   18   14   19   17   15    0   16    4    9    2   18   15   15   10   12
    4   18   10    7   14   16   19   11    7   14    1    2   10    1    8
   17    2    0    3   11    5   17   11    8   19   16    4   11    6   20
    9    4    4    3   20    6    1    0   12    6   18    8    8   15    4
    0   13   19   16   18   18   13   12    0   19   14   16   18   19   17
    6    2    9    5   13    6   19   14    6   20   19    5   10    4    4
   13    5    8    7    3   13   20    7    9    5    5   14   16   20    0
   13    1    9    0   14   18   14   18    1   10   20    2    3   17   20
   19    3    1    6   16    8   19    6   11   12   17   18   11   16   10
   16   10    4    7    9    0   15   14   11   11   12   11   10    4    1
    4   20   13    7    1    2   16    2    6   10    8   20   11   17   10
   12    7    4    0   20   11    1   20   13    4    5    0    3    6    6
    0   14    4   20    9    4    3    5    9    3    2   14   11    7   15
    9   11    0   11    7    8   12    0   16   16   16   11   19   20   17
   18   15    0   12    9   12   17   15   14    7   15   16   16    8    2
    1   10    2    8    7   20    3    0    4   20    4    0    3   10   10
    2    2    2    0    6   18    2    4    0    4   14   18    0   11   11
    2   11   16   10    0   18    5    4   12   12    8    6   17   12    0
   12   17    2   20   11    9    9   18    2    5   11   11   17    6    0

