  75  0    0   PROB754.txt    L    M    W
  93   91   98  106   98  103  108   88  100  100   98  102   96  105   99  103  104  102  102  103   96   94  105  103   98   94   97   97   98  101   95  104   94   99   99   98  103   98   89  110   94   98  102   93  102  109   97  100   95   92  103  102  102   97  100  103   98  112   98  101  102  100  100  103  102  104   98  107  110  109  105   97  102   98  111 
-377  -70  -31    0  147  450  486  560  647  752  836  943  961 1078 1170 1187 1232 1266 1296 1607 1700 2002 2146 2321 2404 2422 2528 2563 2630 2725 2751 2806 2939 3144 3381 3500 3553 3566 3639 3733 3739 3754 3797 3861 3964 4090 4184 4209 4227 4264 4267 4538 4593 4641 4913 5265 5316 5331 5435 5563 5692 5761 5843 6016 6133 6319 6337 6337 6337 6411 6515 6568 6599 6608 6636 
  19   18    1   10   13   14    5   14    7   17   19    5   15    4    0   13    4   17   10    2   19    5    6    8    7    6   14   12   18   12   17   17    1   12   12    9    7   15   18   10   16   12    3   14   12    1   15    4   10   15   11   17    5   14    4   17   19    8   17   17   18    5   10   10    0   11    0   18    6    7   12   19   19    8   10 
   0   20   19    5    3    1    3   20   10    8   12   10   11   19    1   12   18   16    6   18    7    9   15   19    8   13    8    5    4   17    2   11    6    8    3   10    5   19   19   14   18    1   20    3    6   11   13    9   18    6    0   18    9   12   11    5   12   19   17    7    5   12    5    3    1    4    9   16   13    2    5   15   20    6    0 
  17    0    6    5    5    8    0    3   13    8    8    9   12    5    5    8    7   17   10    0   16   10   14    3   13   16   20   10    3   15   11   14    5    6   14   16   11   13    7   19   11    1    9    1   17    2   18   17    9   12   18    6   10    9    0   17   16    7   15    2   20    7   12   20   10    5   11   14    6   10   14   20    5    9   18 
   6   15    0   14   17    9   19    8   16   15    3    4   14    5    9    3   18    5   17   14   17   14   14   14    5   20    4    6    9   13    4   12    5    4    1   15    3    2    3   14   16    9   11    5    5    8    9   12   15    1   11    8    3   13   11    3    8   14   17    6   17   19    2    1    4   18    4   13    7   16    6   12    7    5    3 
  19   13   15    0    3   17    9   15   14   15   19   12    1   13   18   17   14    4   12    6    8   13   17   10    6   19   16    6    2    3    3    1    1    6    4   12   10   10   12   18    1    8   19    8   14   10   12    8    8    1    7    5    8    6   16    4    1   10    1   18    6   13   14   16    3    4   16    3   20    6   12    8    3   18   14 
   7   10   17   10    0    6    5    3   15    8    1   13   12   12   10    6   14    9   19   18   15   15   14   18   12   12   19   12   18    4   18    2   15    2   10   11    7    0    3    6    0   11    0    6    0    1    7    1    1   18   20    9   12    6   13    4   18   18    9   14   20   15    2   16   12    2   19    8   17    3   13    5    8    9   10 
  14   17   19    9   11    0    5    5    8   16   20    8   12   10    5   18    3    7   15    2    3   16   10    5    2    2    5   20   17   15    8   20   15   13    3    2   18    7    3   19    8    5    1   13    4    1    8   15    1   17   11    8    8    3    3    5    8    2   12   18    2    4   10    4    7   19   19   13   17    4    8    2   10   11   11 
  14    9   13    1   10   13    0   16   12   10    2    6   12    6    8   10   12    7    3    4    1   11    9    1    5   19   11   20    7    8   16    8    3    2   12    5   18    3   14   15    2    1    2    3   10   11    3    2   15    3    9   18   14    4   17    9    3   12   18   20    0    6   13   11    2    1   12   17    0   16    0   16    6   11    7 
   2   18    5    2    9    7    7    0    7    9    8    1   13    9   17   14   13    4   16    9   13    3   12   14    8   19   16    8   18   13    6   17   16    9    3   11    9    0    2   12    4   16    2   16   10    6   12    1    7   13    4   19    7    7    3    4   17    1    9   20    6    9    5   10   18   11    9    9    0   15   15   14   11   10    6 
   4    4   15    9    1   12   16    2    0    3    3   11   16    1   19    1    2   14   18    2   19    5    5   17    3   15   20   18    9    4    9    2    5    8   15   16   11    1   18   16   12   11    9   15   10    7    9   16    0    4    7   10   16   16    6   11   16    7   13   10    7   14   17   10    2    2    6   16    4   10   15    0    6   15   14 
   2   13   15   10    2    4    5   18   14    0   14    5    7   20    5    1   15    1    0    0   11   18   14    6    9   11   18   19   20   19   20   13    2   17   20    5    5    3   14   15   14   15    3    4   10   18   18    2    1   13   19    9    8   20    1   13    7   19    7   15   10    5    7   14   13    3    5    4   12    7   15   18    8    1   13 
   1   15    7   10   19    2   12   17   18    2    0    6    2   20   10    1    4   18   12   16   10   15   16   12   17    9   12    2   10    7    1   13    8    9   14    6    8   18   12   16    7   15   10    0    9   12    5    7   20   18   16    4    5   16   10   11    1    5   10   14    9   19    9   18   11    8   17    6   11   13   13    7   19   10   18 
   3    8    4    1   15    8   18    8    6   14    9    0    7   16    6   19    1   15    5   14    4   10   18    7    9    3   18    4   17    1   10   10    3   14   11   10   19   13   13    9   15   16   10    4   17    5    1   15   18    6    4    3   10   17   17    5   13    3    8   18    5    4   18   19   14   18    2    3   14    9   12   11    2    5    4 
   2   11   18   19   19    9   19    9   18   19    2   10    0   11    2    3   18    2    2   18    1   19   12    3    4   18    6   11   19   16   19   18   17   13    6    8   11    6   11    8   19   14    7   17   12   16    1   10    9   13   17   13   11    8    8   16   18   12   10   18    7    2    8    6   16   17    5   16   13    9   16    5    3    5    6 
   4    3   20    8   19    6   14   10    8    9    1   14   17    0    2   16   10    5    5   10    6   10   13   17   14   10    4    8   19    2    1   11   10    5    8    1    8   10   16    9    7   14    4   19   18   15   13   19   17   10    6   14    4   18    2    5   11    6    7    2    4    4   15    6    4   18    8    7   18    7    1    5   15    7    9 
  12    6    7   16    4   17   13    6   14    9    6   19   17   16    0    2    9   10   16    5    9    3   14    4    2   16   12    6   15   16   11    1   20    2    8    3   10   19   15    3   17   15    5    9    7    1    9   18    2    2   20    9   12   17   15   16   10   16    3   18   17   17   11    7    8    5    3    9   14    2   12   11   17    3   14 
  14   11   15   14   14   10   20   15    8    1    6   16    3    6   14    0   19   16    3   13    6    1    7   14   13    2   15    7    3   18   18   18    5   10    9   17   17    3   19   16    7   17   19    3    4   12   14    2    3   19   19    4    3    4   17    1   15   19   18   17   12   12   11    8    8    8   15   11    2   10   11   15   14   15   16 
  12   13    2    5    2   16   17   13   13   11    1   18   18    0   19    2    0    5    1   19    3    2   14    4   11    9   19    2    1   19    3    8   14    3   17    0   16   18    8   11   11   11   12   10   17   14   13    7    9   10   16    2    7   17    1    8   14   10   16   13   18   15    4   14    8    4    6   19   16    2    9   20   11   12   19 
   6    7    6    7    3    1   10   17    7   12   17    6   19   17    1    7    1    0   17   14    7    8    5    9    5    3   14    6    7    5   10    4   15   12    9   19   13   12    9   12    8   15   20   10    9   20    8   18   19   13    5    5    6   16   12   14    9    2   10    7   19   10   10    5    3   15   18    2    6   14    5    1   20    1   14 
  18   12    4    5   12   13    2   20   20    5    8    8    0    5    6    3    3    5    0    4    1   10   12   10    3    6   15   18    8    6    1    1   20   19   12   12   12    7   10    6   19    4   11   17   12   15   14   15   11   13    1   12    9   11   20    7    2    4   13    2   12   15   12   18    7    6    9   19    1   19    3   10   15   16    3 
  16    7    2   13    4   10   12    5    2    7   17    8   12   14    1   15   12   17    0    0   12   18    4   19    2   19    1    6    2   14    4   14    5    8   20   14   18    6    9   17   10    9   14    5   10    9   12    4   19   16   20   12    3   14    8   11    5    7    3    1   15   19   19    6   17   10    3   16    0    7   15   20   18   11    3 
  15   12   10   19   11   11   15   18    8    6   20   13   14    2    4    9    5    4    3    6    0    7   16   14    5    5    4   18   18   19    6    1   19    9   14   15    0   17    4    3   11    6    5   13   18   12    9   18   12    8   17   17   17    5   17   19   13    1   14    9   18   11    8   20   15   16   11    3    7   19    5   12   12    3    4 
   3   14    3   19    4   13    8    3   17   16   19   14   11   18    8   19   18    8    1    8    7    0   10    8   19   19    2    9    2    6    9   13   19   18   11   10   19   15    7   18   20   18   16   17    6    6   20    1   14   17    4   17    5   13   12    3    5   14    6   15   19   19    8   15   15    3    0   18    6    1   13   15    9    2    1 
   6    9    9    2   11    9   16    2    5   12   13    5   11   17    3    8   12   15   19   19   14    7    0    1   17    7   14   15   18    0   19   16    9    7    4   15    1   14   18    6    2    1   20   15   18   19    7    6   17    4    4   12    1   13    9   14    2   17    8    6    8   18   11   20    2   13   18    9    7   20   17   14   16    1   13 
  11    6    6   19   12   18    8   17    9   10    7    7    4    5    7   19    1   16   17   13   11   12    7    0    9   10   18    8   12   14   15   11    4   11    5    5   18   10   13    6    8   18    8    4    8   18    5   15   17   12    4   10    6   15   12    9   14   16    1    9   14    3    3    6    9    2   10   20   14   17   11    9   16    7   12 
   2    8   11   12    4   16   17   15   19   16   14   18   10   12   13    1   19    0    7   18    9    3    2    8    0    7   15   19    9   16    3   17    7   15   15    5   10    1    7   15    9   14    3   20   13    8   14   11   18    2   11   12    5    7   11   15    3    3    5    0   14    3   16   19    4    6   19   17   10   19   11    1   20    8    5 
  17   18   18   16    2    8   15   19    9   18    2   20   18    1    3   20    1    1    3    1   19    0    8   10   14    0   19   13    0    4    6   12   15    6    9    1    9   12    4   13    9    7   15   13   14   11   10    0   15   12   16   15   13    7   14   16    2    1   13   12   10    5   11    3    5   11    4   13    5   16    4   16    9    9   14 
  13   10    5    0   17    1   17   16    1    0   13    7    3   17   14   16   19   18   18    7    8    3    8   16    3    4    0   13    7   19   16   11   12    4   10   12    9    1   11    9    5   20   12   16   16   14    7    5   20    1    8   14    7   10    2   14    2    0   10    2    6    5   18   20   18    4    4   18    5    6   16   12   18   11   17 
  19   20    1    3    2   15    8   15    9    7   12    3   16    9    8   19    5   13   10    1   16   15    8   14   11    2    9    0   18   13   14    5   20   17    3    1   10   20   17    7    8    5    1    8   16    6    2    3    8    5   10    7    2   17    5    3    1    6   10    1   10   10    8   11   12   11   19   17   14    1   17    7    6    7   15 
   2    0   16   16   15    1   19   17   15   18   16   13    0   15   12   14   18    5   10   13   16   17    3    6    4    4    1    7    0   13    8   17   13    5   11    8   10    5   12    0    1   10   15    3   11   19    7   10    1   14    1   11   18    3   13   12   10   11   17   16   11   19   12   13   20    4    4   12    3    7   17    1   16    7   13 
  12   10   15    2   15    5   19   13    1    0    6    1    3   20   10   19    4   15   12   12   18    5   20   12    4   13    3   10   19    0   19    3   12    4    6    0   10   11   15    1    5    6   11    5    0   17   19   11    2    7   15   10    9   18    9   18    1   19   16    4    6    8   20   11    3   12    9   14   19    8   11    4    5   20    9 
   4    0   19   18   13    9    5   13   18   11   15    2    7   20    0   16   10   12   11    7   17   14    2    1    5   16   10    7    4    2    0    1   14   14    1    9   16   15    1    5   16   12   20    1    8   17   20    2    1    1   18   19   17    7   18   18    1   16   18   18    9   18   18   14   12    9   15   18    7    3   17    9   13    7    2 
   2   17    9    2    1    6   13    4   19   19   13   10   10    2    2    1   11    9   16    1    4   11    7    9   15    8    3    6    3    8   16    0   12   10   14   12    8   16    2    1   11    5   13    4    9   16    1   12    4   19   19    8   14    6    5    8   11   13   16   13   19    9    4    8   12   11   11   16    4   18   18   16    4   13   18 
  17    1   20    6   13   10   19    9   10   15   10   16   14   19   10   15   16   10   11    0    4   16    4   16    3    0    0    7   14    8   14   12    0   14   19   14   12   15   12   11    3    5   15    9    3   17    3    2    2    6    0    2    1   11    1   10    3   13   10    9   16   16   12    6   18   10   10    9    1   16    5    6    2   13   13 
   6   11    6    9    9   13   13   12    9    1   16   16   10    8    9   11    2    1    6    6    2   17   11   17    1    3    4    9    1    4   12   13    6    0    7   19   19   19   18   10    8   14    3    7   15   11    2   10   15    2   15   11   15   14   16   12    1    3    2    0   18    9    4    5    4    4    6   18    6    3    2    6   11   14   18 
  16    6    7   13   10   15   10    6   12    7    3    1   18   11   17    8   17    3   17    1   17    9    1   11    4   12    1    8    3   15    4   17   10    2    0   10   15    6   14    4   11   11    9    2    7   14    3    9    4    0   11   19   17    5   19   14   13   11   18   13   11    1   12   12   19    2    3   11    5    3   15   17    3   12    9 
  12   18    1   10    9    7   15   13    5   11   13   18    9   10    8   12   15   12   17   14    6   18    8    0    1    2    0   17   14   18    4   13   20    2    6    0    1   20   13   10   12    5    7    9   12   16   16   13    7   12   16   12   14    5    1    5   11    7    4   14    8   19   11   19   15   17   10    5   14   16    0    7    1    3   18 
   5    2    9    1    1    2   12   17   13    8    4   20    0    3   18   20    2   17    3    8    1    2   11   19   20    8   17    3   13    3    9   12   11    4   16   18    0    9   17    3   12    7    1    8    9    4   13    4   10   18    3    1    0    7    0    4    8   17    6    7   19   13    6   11   11    1    2   12    2   17    5    2   11    7    7 
   5   18   10   10   11    6   13    3    5   12   10   11    1    9    6   10   19   15   17   15   10    6    1    5   17   14   11    0    8   19   15   16   15   13    6    5   11    0    7    3    5    4   11   18   13    9   14    2    7   15    8   18    2   12   16   15    2   13   14   17    2    9   11    8   19    4    3   13    8    9    6   18   18   13    7 
   4    5    2   13   18   19   13    6   14   14    2   19   18    0   17    7   20    8    2   10    6   20    2   19   10    1   13    2   14   10    9   13    4   12    6    7   18    1    0   19    3    8    6    6   15    0   17   10    0   15    7   15   17    1   17    3    8    6   17    7   13   18   12    2   18   10    8   15    5    1   11    3    1    2   10 
  17   20   19   15   19   20   20   17    7   11    4    4    9    0   13   11   16   13    8   16    6   19    2   20    5    9    9    7    2    8    9   18   14   19    2    5    9   10    2    0   17    5   14   17    1   18    8    1    8    1   19    5   11    6   16    1    1    0   13   15    9   18   18    9    2   16    8   10   13    9    8    4    9   16   14 
  14    8   12   12    9    4    4   18   14    6    9    7   17   19   16    1   18    2    7   12   19    8    7    4    8   20    8    9    2    0   10    9   13    9   13    1   16    9   17    3    0   13    5   14    0    6   18    4   20    9    9   10   20    4    0   10    7   19    2    2    8    1   13    2   12   11    8    8   17    9   15    1   15   15    3 
  19    9    6    8   10    6    5   18    6    1    2    1   12    6   15   20    9   10   13   16   20   14    8    6   18    4   14    3   12   16   12   18   14   10   11   16   10    3   13    6   11    0   18    9   10   17   13   17   16   20   14   16    6    2    1   15   14    7   17    0    5   16    1   16   13   13    9   15   14   20    4    4    9    6   12 
  14   13    3   13   18   17   19   10   11    5   19    0   19   14   11   12    3   19    9   18   12   16   18   20    0   12    7   17    4    1   11    5    4    0   18   15   17    9   14    4    5    5    0    3    4   12   17   19   18    3   20   16    9    8    9   16   13   15   16   17   14    1   18    1   19    2    7   17   18   15   18    9    6   11    9 
  15   15   14    6   19    9   17    5    6   20    1   19    2   19   15    1   20    3    2   20   10   13   17    8   12   13    4   11   12    6    8   18   10   13    5   12   14   12   12   13   16    6   10    0   18    5    3   15    7   20    8    5   19   15   16   11   15    2   10   19   13    1    5   10    7    3    3    7   11   18    7    4   14   19   18 
  12   13    6   11   17    8   10    2   20    3    8    1   16   15   16   12   16    4   10    7   18   16    4    3   19    1   11   14    9    4   18   10   11   13   18   10    3    0    1    1    4   17    9    1    0    0   15   13    1   12   17    2   15   14   18   14   13   15   10   13   12    7   12   19    1   13    1   13   13   10   16   16   17    1    7 
  18   13   18    7    5   19   12   11   18   17    5    3    1   11    9    7   17    5    6   19    3    5    3    2   14    9   10   19   16   13   14    9    4    3   12    9    1    5   18    4    2    1    1   19    4    0   19   10    6   17   16    6    3   15    5    8    4   13    2   15    2    4    3   12    0   13    3    9    3   16   12   11    3    4    2 
   3   19    8    8    0   13    4   14   10    8    7   15   14   18    9   15    4   13   17   13   10   20    2   12    1   16   19   11   13    9    8   16   11   15   12   18   11    1   15   14   15   11    7    1   16    9    0    5    9    3   17   15   10    4   19   16   10   10    6    4   14    9   14   18   20    0   12   16   13    1   11    6   15   12    5 
   3   16   11    4   17    8   19    5    1   12    6    6   10   11    3   17   14    2   12    4   13    3   15   11   10    8   17    5    1   15   13   17   15   20   18   19    2    3    7   19    7   13   10   16    7    6   15    0   15   11    7    5   11   16   16   11   13   14    2    1    4    6    4    9    3   15    5   20    3   10    5   13   12    1    8 
  14   19    6   14   15   15   15    5    1   11   10   15    9   20    2   19   14    1    9   20    9    6   17    7   18    5    8    8   17   16   18    4   16   13   13   12   14   15   17   16    2    0   19    0   20    7   18    3    0   15   16    0   16   17    3   19    6    6   12    6   19    3    4   12   10   16   17    7   18    8   20    9   16   14   12 
  13   13   17   20   18   10    5    5   10   12   20   13   17    1    8   19    4    3    0    9   18   15   13   17    1   17    1   12   16   14   14   19   13   16   10    2   18    1    9    6    0    8   13   15   16   19    4    3    4    0   17   18   15    3    6    1    2   11   13    8    7    9   11   11   11   12   15   11    9    8    5   16    7   19    6 
  17   13   18   12   18   19   14    7   11    8   14   14    7    4    4   14    3   14   15    3   15   18    2   18    9    4    2    6    1   10   10    3   13    4   19   20   16    3   12    3    2   13    5   15   19    6    9   11   19    9    0   15   19   16    3   13   12   10    8    3   18   17   10   20    2    6    2    2   10    2   12    5   18   15   20 
   6   15   11    1    0   19    2    6    3    8    6    8   13   10    3    4    6   11   19   15    5    5   15   11    1   10   16    2   13    0   11   16   19   17   10    8   12   14    8    6    6    9    1    7   16    5    9   16    2   14   14    0   20    8   11   10    7    5    5    5   11    6    6    2    5    0   17   18   10   16   18    9   16    5   11 
   6    1   16    3    5   17   11    4   20    0    1    9    6   19    6   19   20    6    3   17   19   14    6   12   11   10    2    5   17    8    1    2    9   13   14   14    1   12   13   16    4   12   19    9    6    4    0    6    3    6   17   11    0   12    7    0   11    0   14    3   15    8   18   13   15   15    6   17    7   10    1    3    4   17   19 
   8   20   13   14   11    9    4    6    5    4    5    4   13    7    3   16    4    5    9   19    1    0   17   12   20   18    8    6    5    9    6    3    5   18   11   15   11    5   14   20    7    9   13    5    5   18   11   18    3   17   11    4   16    0   11    5    1   19    3    6    4   15    7   19    0   12    6    7   19   19   14    7   15    2   19 
  10   18    8   14   13   14   17    3   13    6   16    9   14    7    7    9   11    9    4   17   16   11   18   15   16    6   13    6    6   16    1   19    6   20    7   10   19   11   15    1    4   11    3   10    0   18   11   18   17   15    5    8    9   19    0    3    3   15    5   11   12    9   15    9   12    1   11   12   17    9    2   10   17    9   19 
  12    0    1   12   19   11    1   13    3   17    2    5    5   13    5   13   17   12    3    4    4   11   19    6    7   12    3   13   20    7   12    4   19    5   16    2    1    8   12    9    1    1    2    2   20    5   13    7   12   10   16    4   15   20   16    0   11   15    9   20   12   10    7   13   16   18   11    5    9   13   19    4   11    8   18 
   1   16    2    7   18    8    1   19   16   11    2    1   11   18   18    2    0   13    2   18   19   11   18    7   15    5   19   16   10   16   10   12    5   12    1   14    9    0   17   11   18   19   11    7    2   10    0   18   11   19   18    2   10   15   18   13    0   12    9    5   11   10    1    5   16   10    3   15    4    5    1    1   17    4    9 
  11    2    4    2   14   11   13    9   14   11    1    4    9   15    7   16   12   14    3   19   19   19    2    5    6    1    3   11   11   12    9    7   19    9   11   10    6    2    5    9    2    5    7   16    5   14    7   18    8   13   15    7   14    1   10    4   18    0   17    2   10   13   15    5   18    5   12   14   11    5   15    8   10    9   12 
   9    4   17    8    8   10   11    0   13   14   10   19   15   18   16   14   19    1    4   19   13    4   20    4    8    7    5    9   17   19   20   18   13   14   16    1    2   20   15    5    8    0   15    7   13    8   15    1    3   13   16   19   10   15   10   13   10   10    0    1    6    1    7   10    9   19   17   16   10    5   19   10    6   16    8 
  15   13    7   16   11    8    9   17    7    2   18   17    1    2   20   17   14    3    9   19   16   15   10   15    2    8   18    5    6    6    4    1   16    7    5   20   17    5    0    2   17    6    2   11    2   10   13    4   18   16    6    2    7    1    8   17    3    3   18    0   19   12    8    8    8    8   13    4   16   15    9    0   16    8    3 
   8    2    4    9   19   10   11   15   15   16   13    6    4    4   10    6   18    7   12   12    6   17    7   12    4    9   17    8   12   14    3    2   10    1   19    7   13   16   14   10   17   19    9    7    6    6   12   13   19    0   15   19   12   19   14    2   10   18   19    0    0   15   14    6    5   11   13    5   19   10   10    4    2   16    3 
   4    5    7    4   12   11    3   18   13    5   16   18   17   10    9    9   18   11    2   15    6   11   16    8    3   12   13    3    3    2    9    2   20   15    6    7    2    8   11    0    0    5   18    8    5    9   10    5    5   17   17    6   18    7   15   11    0    8   14   15    8    0    2    6    8    2   16   12    8   10   14    5    4   14    2 
  11   13    6   12    0   16   12   17   20    6    4   18   13   18    5    9    9   18    9    2   12   13    2   11    2   20    3   13   19   11   17   15   13   19   20   10    2   14   13   19   15   16   16    8    7   16    2    4    5    5    1    1    8    8    5    0    4   12    2    4   16    6    0   11    1   19    3   19   12   14   10   19    2    1    5 
   3   12   15    1   11    3   17   17   11   19   19    9   13   18    6    7   15   10   14    4   10   19    4    7   20    5   20    4    6   18    0   20   10   12   15    4   11    4   17    9    9    1   19    8   14   11    7    3    5    0    3    3    2   10   19   19   15   12    7    7   13   10   17    0   11   13   19   16   10    4    3    9   13    5   15 
   4    9   20    6    5    7   12   18    6    5   17    6    1    9   14    1    3    6   15   19   11    2    6    8    1    7    2   10    2    5   19    2   13   17   10    1   11    9   12    7    4    2    2    1   15   10   11   17    8   11   18    1   17   10    5    4    7    4   13    6   13    8    1    5    0   20   18   11    9    9   14   16    9    6    6 
  16   16    9   14    1    9   11   14    3    7   15   10    8    4   12   13   17    2   12    4    0    3   14    5    6   10   18   11   13   17   19    9   18   19   20    9   10    5    8    5    8    3   10    4    5    0   12   17    2    4    5   17   15   12   14    6   16   15    1    6    5    4    8   10    9    0   18   15   10    6    1    5    8   11    2 
  13   16    9   10   17   15   13   20    2    5    8   14    3   20    9   16    1    1    6   10    6    8    2    5    6   18   14    6   14   18    7    8    9    5    4    1    7    9   18   13   15   18    4    3    6    1    5   12    5    9    5    8   16    8   13    0   10    1    2   17    4   17   11    0    8   15    0    9   18    7    7    3    5   11    4 
  11   16    6    2   12   11   18    0   14   15   16    3   11   10   16   16    9   15   13   11    3    7   10   13    4    2   12    0   11   16   11    4    4    2   10    5   13   14   17   14    7   18   17    8    3    0   12   11   10   14   16   19   15   12   15    2    4    6   19   19    1    7   17   10    6    2   12    0    3   14   14   11   16   20    9 
   2    8   13    6   17    9    0    3   18    4    8   13    6   16    2    1   18   20   10   18    3   19    4   16    7    2   17   20   16   15   13    8   13   19   10    8   12   11    0   16   13   13    8   10    7   13   15    4   11   17   10   10   12    2    4   11   10    7   11    4   17    7   12    1    7   11   12   15    0    1    9    3   20   19    7 
  10    7   18   15   10    5    6    9    4   20   14    8   12    8    2    8   17    1    3    6   16    7    5   10   16    9   20   14   15   16   10    5   19   12    0    5   18    8    1    1   19   19   10    9   20   18    9    6   10    1    2    7   11   11    2   10   12    7    6    7   10   11    6    5    3    7   18   12    0    0    2   13    4   15    3 
  12   20    8   19    3   12    6    9    4    2   14    7   13   12    9   18   11   13   16    3   14    7   19   15   19    4    1    7    9   19    6    4   10    2    7   19    6   16   11   20    6    1    9    6   14   15   13   11   20   10   11    6    6   19   18    5   11   15    5    3    5   14   18    1    3    4   14    6    3   12    0   16    1   13    4 
  10    1   12    7   16   14   16    4   16   15    4   15   10    8   10    5   15   11   10   13    2    4    5   14   12    7   13    0    7   15    1    5   12   16    5   13    5    4   11    7    5    1    9    1   18   13    4   10   12   13   17    0   11   11   14   18    1   15   11   19   12   14   20   12    8   17    3    1    5    8   18    0   18    9    3 
  11    5    6    7    3    7    8   16    4   11   13    3    3    8    8   17    7   14    3    3    5   17   14    7   17    4   17    7    8   13    7   12   20   17    6    3    7   15   11   20   19    0    9    7   16    5   11    6    4    8    7   17   18   19   11   11   16    5    6   14    5    1    5    4    4    5   12   12   19   14    7    9    0   19    6 
  11    5   12   13    9   14   15    7    6    2    0    9   14    3   10    2   18    9    7    2    7    3    8    1   10   15    5   17   16   17    1   20    2    9    6    7    1   20    3    7    7    5    7   19   11   19   18    2    5    7    6   16   11   17   16   10    8    5   10   17    3    7    0   15   14   12   13   11   14    9   10    8   13    0    8 
   9    2   11    7   10    6   11    8   12    3    6    4   15   11   17   17   15    2    2    8    7    5    4   16    5    4    8   20    9   14    3   18   20    1    4   13   19   18   20   15   19   14   15   14   11    1   16   14   15   17   13   15   18   19    4    7   15    3    5    5   11   14   18   11    6   11    8    7   13    3   18    2    9   12    0 
