          45      0     0
   98  111  101  106  105   99   76   77   83   97  107  111   89   78   73
  158  135  111  110   96  149   66  114   72  135   84   84   87  105   84
  113  128   85  115  104  107  128  110   97   92   74   62  127  107   75
 1744 1809 1821 1901 2001 2052 2088 2126 2155 2299 2431 2775 2780 2866 2922
 3258 3295 3380 3510 3566 3760 3764 3940 3957 3983 4025 4054 4440 4508 4617
 4786 4818 5061 5099 5166 5470 5576 5611 5683 5715 5730 5888 5926 5960 6041
   19    5   19    5    3   14    5   17    2    3   14    4   10   13    1
   20    2   11    4   20    1   20    4    4    6    5   11    7   16   16
   16   13   10   15    9    1    0    1   18   17    3    0    9   13   19
    0   12   20   11    5   16   18    7    7   14   17   10   17   15    0
   16   17   19    3    3    9   20   12   12   14    8    6    7    0   17
    8    6   11    7   19   12    1   16   16   16    1   18    1    1   20
    6    0   17   16    9   16    3    3   20    5   13    9   18    7   18
   14   11   12    3    5   10    6   20   16   17   19    1   12   14    9
   15    8    6   13    6   16    6    7   14   16    4    4   19   11   20
   14   19    0   16   18    0   20   17    6    6    9   20    4   18   13
    9    0    1   17    2    3   15    1   20    7   17    9   20    3    2
    4   13   16   12   18    4   17    4   12    9   15    2    5   15    6
   19    4   17    0   13    5   11   13    8    2    5    0   12    7    0
   13   16    0    8   15   18   10   18   11    2    2   17    3   20   12
   20   11   15    5    0   10   20   19   20    2   15   11    9    4    0
    1   10   16    9    0    2    7   15   14    7   17   20   16    2   18
    7   20    3   19   17    4   14    1   10    3    1    5   17    4    6
   10    0    5   19    9   14   17    1    3    2   20   10    5    0    0
   13   14   12    5    0    0   13    9   16    0   12   11    0    8   20
    1   18    3   10   14    9    3   16   17    2    7   18   20   16   20
    8   10    7    6    0    6   17   11   11   13   19   20   12   16    8
   12    4    8   18    3    2    0    8    2    4   17    8   15   15   11
   20   20    4   19   11   20   20    5    6    4   18   13   19    2   13
   16    7   12   14   12    6    2   15   18   16    6    3    5   12   19
    9   14    7   15    8    6   19    0   11   10   11   19   18   10    4
    6    1   15    4   17    6    2   12    7   20    4   18    6   19   14
   16    3   14   13   12   12    0   18   15    1   20   10    1    2   16
    8   11    3   18   19    0    9    0    0   14   18    9    2    9    7
   12    0    9    7    0   17   18   10   19   19   12   11    5   19   19
   18   14   16    3   20    4   18    1    3   14   16   20    8   15    9
   16    9    7    5   12    3   20   16   15    0   20    0   12    2   10
   15   11    2   14    5   16   14    0    3    3   11    3   19    3    7
    5    2   10    5    4   10   12   18    0    6    5   13   19   19    3
   11   11   19   15    5   15   11   10    0    6    0   11   15    2   14
   10   15    9    5   14    2    2    4    6    9   12    7   16    6    9
   11    6    4    8   16   18   10   17   13   18    4   17   14   17   13
    6   12   13    7   15    6   17    2   20   19   19    0   20    1    5
   14    5    0    8    5   16   16   14   15   17   15   17    7   11    3
    4   15    5    5   15   13    7   16   19   19   14    7    5   17   10
   16    0    4   19   12    4   10   11   11    6   12   12    0   18    3
    1   14    3    6   12   14    5   16   11    8    8   19    0   10    7
   20    8    1   16   19   20   16    0    7    7   17    9    4   16    9
   17    0    4   16   14    6   17   19    4   11   10    1    1    0   14
    9   17   19   16   12   16   14   17    4   11    0   17   15    2   13
    4    6   20    1   10    6    3    6    6    4   20    9    5   18    4
   16    7   11   15    2   15    6   13   18   18   17   19    7   12    0
   16    9    9   13    2   20   11    6   11   12    9    1    8   15   20
    2   11   18   14    5   10   12    7    4    9   14   11   13   13   19
    2    5    9   19    1   11    7    7   16   18    0    4   11    0   17
    0   12    7    4   14    2    6    0    4   11   13   14   19    0   18
   16   19   18   18    8    3   11    6    7    4   16    8    7   17   17
   20   19   12   20    2   17    3    3   11   13    9    4    1    6    2
   11    0   15    5    5   19   10   17    8    8    3   10   16    9   16
   16   10   20   17    0    1    7    8   15    5    1    2   10    5    2
   15    9    5   10    8   13   12    9    0    5   20   10    4   14    3
   16   16    0   13    3    4    9   12    1    7   14   16    1   13    5
    8   12   15   18    5    6    2    4    2   11   11   12   12    8   10
    0    2    7   10   13    7   20    1   12    6   10   13   18   19    0
   18    5    8    0   13   19   12    7   12    1    2   11    6   10   10
    4    7    8   19    4    7   14   13   19   18   15   19    1   13    0
    0   12   18   16   18    5    2   19    3   17    1   18   13   20   16
   10   19    1   11    0   13   14    6    9    7   18   10   18    0    8
    0    5    3   10    4   15   10    1    5   16   18    2    2   19   16
   10    0   13   19    9    8    7    7    6   14   14    8   15    7   15
    2    4    1   13    9    0   17   15   14   11   14    2   12   14   17
    5   12   20    9   17   13   19   10    2    1   15    6   18   12   12
    4   13   15   11    8   18   20   15    1    2   20   10    8    7    1
    7   15   14    0   11   18    0    1    5   20    9   14   17    7    5
   14   18    5   16    6   10    3    4   14   13   17   17   16   17   17
    9    1   20   15   12   19    9   14   18    3    8    9   13    2   13
   11   13    7    0    3   18    3    0   17   15    9    0    7   13    8
   16   19    2    3   15    5    1    3    1   12   18   15   12   16   15
    3    8   20   12    3   16    1    6   12    2    8    3    4   14    6
   17    3   13   19   16   20   18    0    0    9    2   16    0   14    2
   11    9   11   12    2    7   15    1    9    6   17   20    5   19   14
   12   19   11    5   19   13   10    0   18    8   13   11    8   18   11
   16   10   10    4    0   16    1   17   10    0    7   13    1    0    4
    2   13   16   14    9   17    8    5    0   15    9    0    7    2   19
   19    9   13   10   20    0    2   17    3   14   19   11    1   17    8
    8   12   10   14   14   14    0    0   18    9    0   12    9   20   20
   13   18    9    6   19    0   15   16   10   14    6    3    7   10   11
    2   19    8    1   12   10   14    7    8   17   10    4    3   17   19
   19   20   14   12    6   10    4    2   18   18   11    0   15    6    3
    8    1    7   11    9   17   10   11   12   11    8    4   11    2   14
   17    1   16   14   15   15   20   20    0    2    2    9   17   15    4
   16   10    1    6    2    4    4    9    1    6    3   14    0    1    9
    2    0   14    7    1   20    2    0    4    9   16    9    9    8   13
   19   19   19   12   11    9   13   16   12   20   18    5   11    9   16
    5   19   11    7   13    8   12    8    4    8    4    6   18    0    7
    5    6   15    9   16   11   20    1   20    1   13   17    3   15   20
    1    6   12   15    5   12   15   20   14    7    5    0   15   12   13
    0   15    3    1    3   17    3    8   16    4   13   17   10   19    0
   20   18    5   10   15   19   11    6   20    0    2   15   10    3   19
    2    7    2    1    2    3    6   11    8    3   11    8    0   14   14
   13    8    5   17   20   14    7   14    1   16    8   17    2    5    0
    0    4    5    2    6    0   13   13    9   10   14   16    0    9    2
    5   15   14    5   15   16   18   15    2   10   20   20   16   13    5
    5   18    6   15    3    3    1   18    0   12    3    2   16    1    4
   16    0    1    9    7    7    9   12   16    7    9   18   17   10    1
    1   12   16    3   19   17   14   10   19    7    5    1    0    2    4
   18    4    3    0   14   16    4    6   11   10    3   15   17   12   13
   15   20    0   14   12   16    4    8    6    3   13   10   20   19   20
   15    2   20    7   16    5    9   20    9   10   19   19   18   20   16
   14   18   13    5   18    8    1   14   10   15    4    1    5   19   11
    1    1   13    0   20    3    7    3   15    7   10   20   10    8    2
   15   10    4    8   20   10    6    4    7   12    3   13    5    3   18
   12   20    7   10    0   11   10    7   19    2   17    8    7    8    2
   13   13    8    7    0   11    3    7    7   17    4    7   19    4    2
    4   18   18   19    9   16    6   17    2   17    1    7    0   18    9
    5   13   13   12   20   11    5    2    4    6   12   12    2   13   10
    2   19   20   16   15    0    2    9   10    4    7   13   15   13    9
   15   12   13   14   10   11    4    4   20    5   19   16   14    3    6
    2    0    9   13    2    6    8   20   19    7    1    6   13    1    7
   10    4    1    1    6    0    0   10   13    9   13   12   16    5    9
   13   11    6   12   13   20    7    7   13   18   10    9   17    7    5
   11   15    3    8    2   13   15    4    5   19    5    6    7    4   19
    0   19   13    9   16   12   13    0    4    0   12    1    5   20    2
    8   12   15    4    9   19    7    7    1   15    7   15   20   15    8
   14    3    7    8    2    3   20   14   18    5    4   12   19   16   15
    5   12    1   17    9    9    0   15    0   18    4    2   14    4    4
   13    4   18    0    9    5   11   15    5   11    1   19   16   12   13
   16    4   17   10   16    4   15   14    1   14    9    4   13   17    6
    3    4   19    8    4   15   10    3   17    0   20    2   11   12    5
   11    5   12    0   11    8   11   17   16    9   12   13    3   16   13
    2   10   16   17    5   19   11    3   11   17    4    6    8   12   18
    5    1    9   14   10    9    4    6    3   15    0   16    4    5   17
   12    1    6   14   15   13    9   14    1   18   13    6   10   12   15
    5    6   15    8    5    6    7   14   20   15    0   18   19    3    5
    4   20   19   11   14   10    1   17    2   19   11    0   15   16   18
    5    2   13    7    8    9    3   18   16   17    4   13    4    5    7
   11   14    2    3   10    7    6   16    7    8   17    2    0    2   15
   11   19   12   13    8   20    9    7   13   14    0   19    0    6   11
   14    5    4    6   12    2   13   10    8    9   10   19    3   16    4
    3    9    4   16   13    5   10   13   14    3    4    8    1   20    1
   11   11   20   15    0    8    0   19   19   12   18   16   18    0   12
   14   20   16   13   10   19    4   20   18    3   12   19   15    2   12
   20    6   13    7   19    3    2    3   17   13    9   20   16    2    8
   18   10   16   18   19    1    5    5   13   13   19   20    8   12    0

