  65  0    0   PROB658.txt    H    M    W
 146  114   96   93   79   91   90  101  131   71  130  116   70   78   86  110   63  115   69   87  105   25  110   73  107  120  113   89  166  123  111   82   93   91  117  104   89  102   61   90   94   80   88   81  115   82  127  100  132  132   93   92  134  108   93   34  123  113   85  109  116  147  107  110   83 
-321 -278 -207  -43  118  123  249  254  325  401  513  601  709  767  951  970 1237 1413 1455 1488 1674 1795 1836 1888 1966 2102 2190 2210 2387 2474 2490 2601 2656 2767 2801 3134 3340 3607 3745 3757 3878 4002 4030 4113 4221 4287 4345 4405 4483 4814 4819 4922 4984 5061 5102 5129 5187 5246 5292 5355 5388 5572 5692 5957 5984 
   9   14    5   10   11    2   19   13    4    1   13    6    5   12   16    6   12   11    0   13    1    6    2   18   17   16    9   12   13   16    3    5    6    6   15    2    9    7    2    9   16    4    9   16    6    6    7    2   13    4    4    8    6    3    8   15    3   10    4    3   12   17    4    4    1 
   0   16   14    6   10    5    7   14   11   11    2   11   20    3   19    0    2   12    8   11    9   13   11   10    2    8   10    9   15    9    8    8    7    5   20   18    6    8    5    0   17   12   14    0    5    2   19   17   13    2   10   14   19   16   11   19   16    4   20    2   14   13   19    5   20 
  14    0   18   19   16    9    6    4    1    6   19   11    2   15    6   16    4   17   14   15   18    9    3   19   19   19   16   18    2   16   15    5    0    7   17    0    0   10   17   15   10    8    2    7   12   20   17    7   18    8    5   10    9    5   11    4   20   17    4   10    0   14   20    1   16 
  13    4    0   17    6   12    0   10   18   12   20   19    2   18   13   15   11    0    5    2    6    1    6   13    5    8   13    7    5    7   16   20    3    5    6    8    2    1   12   13   10   17   17    5    6    4   17   15    9    9   11   17    3    6    5    4   15   15    9   16   17    5   17    4    8 
   6    1   19    0    8    8   11    4   16    4    6   15    9   17    9   11    2    5   18   18   10    6    3    0    3   17   17   16    8    1    9   12    7    6    2    5   11    8   16   18   15    6   14    6   13    2   19    3    3   19   15   15   14   15   14   17   16   17   15    2    9    2    7    9   10 
  19   16   15   18    0    2   14    6    7   17   15   17   18   15   20   17    7    2    8    6    6    8    1    6    7   10   13    7    6   18    5   12    8    2    9   12    7    1   15   10    9   18   12    5    3    0    8    6   18    0   16   11   14   12   12   13    6   17    5    3   14   16   18    8    8 
  10    5    9    7    7    0   18   16   14    5    4   11    6    6   10    7   15    5    6   19   14   10    5    9    7    9   19    1    2   16   14    5   11    8   15   17   13    9    4    8   20   19    5    8   16    3    5   19   18    6   20    6    3   16   18   13    6   12    2   16    9    2   19   13    4 
   6   12   17   13   15   15    0    3   15   20   15    2    2    8    6    4   20   15    3    8   13   15   11   15   19    2    3   20    6   13   14   15   19   13   12    2   13    1    7    8   11    4    8    7   16   11   13   16   11    5    3   20    7    7   19   11   10   11   18    8   13    3    3   11   10 
   6   13   15   12    4   12   15    0   15   16    6    9    5   11    1   12   20    2    7    3   14    9    7    4    2   13   18   19   14   19    8    8    8   13    5    5   12   18   17   15   16    2    0   17   19    1   10    1   18    0   20    9    2   13    9   13   14   12    2   10    8   13    5   12   12 
   9    8    5   19    1    5    0   10    0    6    9   19   13    2    3   15    2    9   15    5    2    0    9    6   16    5    5    6    5    7    4    3    3    1    8   11   16    4    1    3   11    6    3    9    5   18   10   15   17    5   12    8    6   18   19    3   17    2   14    5    3    5   14   19    0 
  18   11   18   19   15   19    6   11   16    0   13    7    8    1   19   18   18   13   19   14   16    6   10    4   18   19    3    6   16   20    9   11   16   11   19    2   13    9   10    3    1   14    9   15    5   20   17    0    1   11   18   14    3   11   16   17    6   13   13   20   19    3   17    8   12 
   8    1   20   10    6   11    0   16    8   15    0    7   18   15    5    4    2    9   14    2   11   13   13   14    1    6   20    1   14   20   11    2    5    0    2   12   19    7   10    6   17    8    5   18   15   10   19    0    3    7    0   13   18   14    0   17   19   12   12   15   10    5    0    3    4 
  18    1    1   16   19   14    8   20   20    6    9    0   13    9    1   14   13   17   11    3   18    3    0   16   18    9   17   13   16    3   13   10    6    6   15   20   10    9    8    3    2   13   13    5    5    9   20   14   17   11    4   13    4   20    1   10    9   14    9   11    6    8    9    9    1 
   6    5    9    7    3    2    9    4    8   12    8    4    0    9    7   16    3   19   10   15    2    6   13    9   20    0    3    2   10   10    8   11   10    0    2   19    2   18    9   13    3    9    7   19   11    2   14   15   18   15   14   17   15   12    8   18    7    2    9    5    7   13   17    8    4 
   2   10   18    2   12    5   12   19   16   11    9   19   11    0    6   16    9    1   18   19    7    9   14    6   14   19    8    1   18    7   14   15   11    3   20   16   12   14    5    4    9   19   11    9   12   15   11   19   11    5    9    8    7    1   14   16   19    9   16   20    4   11    0    7   19 
   7    1   11   15    2   11   19    8   14   11   16   18    4   18    0    8   13    6   10    1    1   12    6    6    1    8   12   10    1    3    6   15    5    3    5   11    6    9   10    2    8    9   16    4   18    3   15    1   13    4    8    8   20    0   11    9    3   16   13   14   14    7   14    5   16 
   8   13   16   17   15   15    1   16   18   10    3    8   10    5    7    0    4   18   16   17    8   20    9   11    3    0   19    7    6   14    7   15    3    5    1   16    2   20    3    3    4    5   13    6   11   13   20   14    7    9    3    4    3    7    9    7    7   18    2   18   20    7   17   16   17 
   0    4   15    2   19   10   18    4    9    7    8    6   15    5    8    0    0   19    4   11   17    1   20   17   11    6    8   18   14    5    6    2   18   14   19    4   16   10   20   10   17    1   10    3    6    7    3   11    9    4   14   15    4   19    4   17   11   11   19   17   15   16   11   12    6 
  12    4   16    6   17   10    7    6   12    8   15   19    4    8   10    8    7    0   15   10    4    0    0   12   18   13    0    8   12   14    4   11    7   17    1    9    8   18   11   18   16    3    8   10    8    6   11   11    9   18   12    7    3   18   17   14    9   16    1   12    8   12   19   11   19 
  18    4   18    8    2   11   19    9   14   12    8   10    1   11   19   20    1    1    0    7   12    8   19    4   14   17    2   16    1   20   18   19   17    4   12    6    4   11   18    9    4    5    7   12   11   10    5    1    9   17    6   13    3    6   14    8   15   19   14    4   13   12   18    8   15 
  20    1   16   14    5   10   13   17   14   15   15   10    9   19    2   15   13   16    2    0   18   10    1    9   20    4   12   15    5   14   18    8    8    4   17    7    2   12   17   18   13    4   14   10   14    3    6    4   17   16    3   13    5    3    7    8    4    6   19   13   10   19    9   20    2 
   7   16    7    2    7    1   15    5    0   18   19   13   15    3   11   19    0    7    9   18    0    9    2    2   13   17    8    0    3   14    8   14    8    2    3   19    1    2   15   20   13   13    2   15    4   17    5    4   17   14   12    2   16   10    8   14   16   14   18   14    8   15    0   13   12 
  10   10    1    4   19    8   15    8   20   20   16   17   19    4   16    0    5   17   16    7   14    0    5    7   15   16   11   11    5   17    8   14    2   11    5   10   11    7   17   11   14   10   10   12   12   20   15   14   11    4    9   16    4   18   11   17   17   15   13    4    5   10    2   17    5 
  15    4   17   17    5   18    7    7    8   18    2    9   14    1   13    4    2    7   16    5   18   13    0   14    3    7   11   10    2    0   15    9   18    4    9   16   16    0   20    7    4    0   15   13    1   12   18    4    3    4    9    2    2    3    6   16    2    0   13    3    8    2    8   12    0 
   2   11    8   16   12   13   14    5    3   11   18    5    1    2   16    8   11   16   20   11   17    2    8    0    4    1   17   14    7   10   16   12    9   14   13    4   11    7    6   15   12    6    8    5    1    3    9    3    9    6    3   11    2    8    9   16   13    3   16   17   12   18    8    8    7 
  13   11   19    1    4   15   15   20    9   17    8    4   13   19    3   13   11   18    5   11    9   15    2    3    0   16    8    9    2    1   10   14    5    4    2   16    3   11    3   18    4    9   15   16   10    6    7   10    6    9   20    7   10   16    2   14   11    0    7   13    1   14    6   18   15 
  12   15   15    5   15   11    4    8   20   18    4    1   16    2    2   10    5    5   17   15   19    4    9    1    4    0   13    2   10   11    2    8   16    3    6    7    6   10   15   13   14   19   12    3    0    1    2    8    9   10   19    6    3   11   13   15   13   12   15   20   17    7   19   16   19 
  11    6    6   19    8   13    4    7   14    2    2   15    4   14    7   11    7   18    5    7    2   13   11    3   16    7    0   10    2   18   13    2    7   18   18    3    6    3    1    5    8   13   13    2   17   20   20   16    7    7   14    2   16    0   20   18    8   12    0    9    9   18   18    7   19 
  14    0    1    6   12   17    4    1    1   19    8   13    9    2   13    6    6   11   14    4    9    9   17    7   10    1   17    0   13   15   17   18   14    6   14    3   11    1    9    0    4   14    6   11    7   13    8    1    3   16    7   17   16   16    5    2    0   14    5   15    9   10   15   16    4 
   8   16   11   11   14   19    9   12   20   14   17   10   18   10    8   15    7   18    1   19   17   19   15    0    3    8   15    4    0    4    5   19    1   20    0    9   12    0   18   18    7   14    4   10    4    8    7    5    2    0   19    2   18    6   20    4   17    8   12   10    3    8    2    2   14 
   9   15    3    6    9   13    9   17   15   11    9    4    9   19    5   16    2   10    8    3    5    1    5   17    9   13   11   17   10    0    5    0    5    0   14   18   14    9   12   17   10    3    2   15    3    7   15    4    7   11    6    6    2   17   12   11    4   12    4   17   15    6    5    8    4 
  14    7    8   13   14   11    7   19   13   19   15   20   14    2    1   15   14    6   18   15   13   14   16    8   11    0   13    6   11    8    0   19   12    8    7   14    5    8   14    5   19    1   11    8    5    1    0   19    9    2    4   14   11   16    1    4   15    2   14   10   19    9    2   16    7 
   8    2   16   15    3   13   18    8    1   11   19    8   16   14    9   20    9    1   17    1    3    1   19   18    4   18   10   13   10    5   17    0   18   12    8    4   13   12   14   10    8    6    1   12   16   14   11   10    7    2   13    6   16   20    6    1   15    2   12   18    1   18   20    1   15 
  13    9    7   14    4   12    4   20   14    5    7    1   11    5   19   17   13    2    1   14   13    2   11   17   11    2   19   18    9   18    7   15    0    8    8   19   12   17   15   10   15    3    4   17   14    5    1    4   15   12   11   15    3   10    0    3   13    7    4    7   20   19    6    1   13 
   5    5   19   10    1   15    4   14    6   18   19   12    4    9   16    1    4   14   12    3   19    9    0   20   11    2    1   15    7   13   17   12   11    0    3   19   20    3    1   19    5    2    7   13    6   11    2    2    9   19    0   12    3    4    9    6    2    4    2   17    1   20    8   18    6 
   8   18   11   15    1   10    5   11   13   13    4   15   12   16   19    7    6    8    3    1   18    1   13    8    2   18    6   14   14    4   18    0    6    7    0   12    3   17    7   18    9   14    9    6   14   13    8    9    9    5   14   17   10    2    4   14   10    6    3   17    1   17    9   15    2 
  14    7    5    6   17    7   16   11   15   16   12   15   12    2   16   10   18   13    2    7    9    7    9    4    9    7   14    3    3    4    3   10   19   20   10    0    0    9    0   19   10    6    0   10   15    4    0    4    9   19    9    1   15   14    1   19    1   17    5   17   20   10    4   16   18 
   8   10   17    9    3    2   15   19    4   13   10    6   14    2   20    1   17   19   12    2    1   17   16    1   11    5   18    7    9   11   18    9    8   13   15   19    0   16    5   12   11   10    4   11    3   16   14   14    4   19    6    7    8    7   13   17    6    6   18    9   15    7    5    4    6 
  13   10   17    2   14   13    6    9    2   15    1    1    2   18    5    3   19   14   19    1   18   13    5   16   13    3   11   17    3   19   15   14    7   14    5    6   12    0    4   18    0    4    9    6   15   12    9    9   15   16    1    6    1   18    8   16    8   20    4   18    4   10   11   17    1 
   4   16   19    3   18    0   17    7   10   10   15   17   10   20    5    9   17    8   17    5   14   17    2    8    7   18   16    1    4   19    7    2    2   16   11    3   14   14    0    3    6    3   17    2   16    7    3    7    9    7   10   19    6   12    4    4    3   10    1   20   15    4    5    7    1 
   4   13    5    8   12   19    1    4    8   15   13    7    1    3    3   11   19    6   14    3   19   17    3    2   15   19   13   11    9    2   14   16   14    5    5   14   13   15   13    0    9    6    4   11    7   15   13    9   17    8   20   14   14    9    9   14   15    9    4   10   13   18    9   12    8 
   8   19    6   18   10    3    8   14    2    1    6    9   19    1   13    8    6    7   10   18   12   19    7   12    5   10    2   15   20    2   17    6    8    3    2   19   17   13   19   11    0   17    4   11    2   14    2   10   12    7    4    2   15    7    3   13   14   13   10   11    7    9    9   17   13 
  13   20   16   10   17   20   14    4   17    7   11    2    7    1   16    4   11    9    4    5    1    5    7   18   10    5   15    5   12   12    4   19    4   20   15    3    7    4   17    3   17    0    8    5   17    2   10    1   10    2   10   11    5    7    5   12    6   14   19   10   16   13    5    2   15 
   3   12    6   10    1   19   12    3   17   17    7    9    2   10    9   17   19   14   18   18    4    1    6   16   13   12    8   14   11    7    6    2   13    9   11    7   19   20   14   10    7   11    0   12    6    6   17    4    0   17   12   14    6   14    3    7    9    1   11    3    7   13   15    3   13 
  17    8   16   19    4    4    5    7    2   12    2    5    0   18    3    5   10   17    4   19    2    2   16    2   12    3    4   12   16   20   14   11   13    6    8    3   17   13    4   18   18   12   18    0   10    9    8   16    8   17   12    6    9   14    8    3    7   15    6    0    5   15   16   13    5 
  12   13    6   10    3   15   13    7    1    5    6    3   11   11   16   17   15   20    6   20    5    1   14    7   10    1   15   19   18    4   10    5   15   13    2   13   13   13   14   14    2   14    2    2    0    6   10   10   11    2   17    4   15    2   11   10   17    9    6   11   11   20   12   17   19 
   6   19    1   15    7   16   19    3    1    4    0   12    7    5    7    8   10   10   12   18   10   18   14   16   12    8    7    1    0   11    8   10    5    4   14   15   15    6    5    4    8   16    5   14    7    0   18    4    9   16   19    3   11   14   11   14   20    4    6   18    5    1   17   13    1 
  20   10   13    5    2    8   12    1    6   16   13    2   13   17   18    3   20    1   11    4    6   15    9    6    2   19   16   15   19    9   12   18    5   13    3   14   14    5    4   11   14    7    9    7    7   10    0    7    4   18   18   18   16   14    7   11   18   10   15    9    0   17    7   14   16 
  10   13   13    3    9    6   17    1    4    8   15    4    9   12   15    7   13   16   11   15   17    5   19   13   17   15    7    4    1    1    5    4    9    7   19    1   13   13    1   20    3    0    4   18   11    6   13    0   10    7   14    8    9    6    0   17    8    5   10   11   10   15    1   18    3 
  19    3   14    4    9    9    5   18   19    7    6    7    3    5   11   19   11    5    8   13    3   11    3    7   15   18    3    1    8    9    5    5    1    4   17   11    7   17    1   11    1    2    6   10   19    8   12    9    0   14    3   10    1   11   14    9   19   14    2   18   19    8    6   13   18 
  12   17   18   10    2   18   19    9    5   15    4    7   17   15   16    2    1   12   18   10    7   18    3   16   18   15   12    5   15   19    8    7    7   14    9    9    7   11   14   10   12   15   20   19    1    0   15   15   17    0   16   11   10   10    9   10   13    7    5    3    1   19   12    1    0 
  18    2    3    3    4   15   11   20    9   16    6    2    7    6   15    3   18   16   15   17   10    1    6   20    6    2   10   14   19   11    7   12   12   18    3    3    7    0    8    7   20   20   18    2   10   12   10   10   11   12    0   11    7    6   17    1    3    1   19   15    6   14    6   14    8 
  12    7    7   15   16   19   10   13    5    6   15    1   16    4   18    6   13   12   18   15    4   16    1    7    4    6    2    6   13   12    8   13   18    2    1   11    5    5    6   15   14   18   10    7    8   14    1   19    8   12   11    0    7    4    0   13    2    2    7   19    1   15    5    4    9 
   5   14    5   19   14   15   16   16    1   13   14   17    9   19   17    2    3    8   15   19    3    4   14   14    1   19    3   16   17    8    8   12    2    2   12    5   14   15    4   11    2    6    3   18   15    6   20   18    2   13    8   20    0   15    5    8   14    2   14   17   16   10    5   17    7 
   7   15    3   20    4   12    2    6    4   11    7   12    3   18   18   12   14   15   19    8   18    6   16   10   13    1    8    2   12    8    8    4   14    2    5   11    2   12    5   19   18   13    2   12    4   15    2    7    6    4    1    1   16    0    3   19    7   13   14    0    8   20    9    6   15 
   9   16    9    8    0   19    5   15   20    6    2   12    3    5    9    6    9    1   19   15    9   18    9   14   14    3   10    2   14   20   14    6   18   13   20    2   12   14    5   17   18    3    3    1    8    3   10    1    9    9    5   20   15   19    0   17    5    6    5    8   18   19    0   12   19 
   8   15    4    6    7    2    2   13    1   12   15    8    9    9   19   11    7    6   15   14   11    3   17    2   17   13    9    8    4    4   18    5    4    9   14    0    3   18    1    5   11   17    7   10   13   17   16    9    9   15    6   12    9   18    9    0   14   14   19   15    9   14   17   18   16 
  19   14   17   14   12    4   10    5    1    3   15    3   13   13    4    4    6   19   17   14   18    4   10   15    4    4   20    6   10    8    8   14   10    3   19    1    3   13    3   20    3   17   15    4    3   15    1   12    1    1   15   15    8    7   17    4    0   19   14    4   17   15    9    0    7 
   4    9   11   10    7   14   13   13   14   13    2    5   14   13    6    1   17   17    9    9   20    6    4    4    8    2   13   13    5    2    9    2   18   14    1   10   19    9    8   17   10    3   18    4    5    1   11   17   14   14    1    4   19   16    5   15    8    0   16    2   14   15    7    9    6 
   1   14   19   19   12    8   15   11   13   10   15   12   11    8   18    1    1    4   14   17    5   17   17    4   14   18   19    0    3   15    7   12   18    2   12   11    3    1    1   12   20   17    3   20   16    7    2    3   10   18   18   19    6   14   16   13    4   19    0    8    7    7   19   18   16 
   5    5   15   19   17    2    0   13   13   19    2   14   14    8    8   18   11   16   10    8   12   13    1   20   19    1    9   14    9   13    7    8    9   10    7   12    8    0   12   15   12    7   15   13    5    1    6    4    0    5    5   18   10   20    4    3   15   19   17    0   18   20    1    5    9 
  20   16   12   10   12   15   16    4   16    4    3   11    8    4    5    9    2   20   18   11    6   11    7    1   14   14    4    6   14    5    4    9    7    8    6    2    6    6    2   17    9   16    6   14    2   10    4    9    4    1    9   20   13   19   17    9    4    5   14   19    0    2    1   19    2 
   5   16    5    8   13    8   19   12    4    6   11   19   15    2   19    7   13    6    4   17   15   10   10   19    1    4   12    6   16   15   18   14    3    1    3   15   14    3   12    6    8   15    9   19    6    4    8    4   15    1   13    8   18   13   12   17   20   15   17   15   13    0   11   12   13 
  17    3   19   17    3    0   17   13   12   11    8   14   15   10    8    1    5    2   10   16    7    1    3    3   13   15   13   15   11   13    4    3   18   15    7    0    1    2    2    6    3   10   13    9    2    8   12    0    2    6    2    8    2    0   15   17   13    3   16   10   19    6    0   14   11 
  11   18   13   17   15    6    4   19   14    7    0   13   13    9   19   16    4   15    2    1   12   18   14   13    8    3    2   10   19   17    5    2    7    8   15    7   15    3    7   19    2    6   19    0    4    7   16    4   18   16   19   20   14    4   14    2   13   18   16   13   10    9    7    0    1 
   5   15   14   15   18   20    8    7   12   16   14    8   17    7    2   13    7    8    3    5   18   18   13   11    9   19   14    5   17   11    5   14   10   13   15    6    3   13   18   15    8    2    7   17    8    4    3   15   20    9    8   19   12   16    4    8    7   17    2   16    5   18   11    9    0 
