  65  0    0   PROB651.txt    L    L    N
 103  106   98   96  100  105  100  108  101  102  102  102  101   96  103  105   98   97  102  100  101   93   99  103  101  102  101  100   92  106   94  101  105  115   99  103   99   91   99   98  106  103   97  101   98  101   97   97  101  105   99  104  100   98  102   96  101   96   99   96   99  100  105   93  110 
5017 5114 5125 5131 5148 5170 5172 5177 5234 5243 5326 5328 5331 5367 5388 5408 5425 5443 5450 5461 5480 5485 5493 5511 5514 5515 5519 5520 5549 5576 5579 5587 5589 5597 5642 5653 5713 5759 5763 5774 5783 5808 5845 5922 5957 5966 5969 6028 6029 6064 6064 6089 6119 6123 6145 6254 6288 6309 6346 6358 6364 6366 6371 6377 6412 
   8    1    2    3   18   14   12   12   12    2   11    8    4   17   13   12   19    2    6   11   18   15    9    8   10   11   19    0   14    8   15    9    9    2    8   18    4   11   17    5   10   12   13   20    9   11   14    9   19    7   13   16   16    3    2   16    2   18    6    6   13   17   13   15   17 
   0    3   10   11   11    5   19   13   15   16   16   20    7    8   11   12   16   12    8   14   19    6    6   12    7    2   20    9   18   12   12    2    1    4   19   10   16   15    0   19   17    7   14   11    4   11    3   20    2   18    7    8    4   17   11   17   11   11   15   18    3    4    8    3   17 
  18    0   13   17    9    2   18    5   16   14    9   18   18    8    3   14   19    7   13    9   17   12   11    4   17    7    2    4   13   10   16   13    2   14    9   15   16    3   13   10   10   16    3    6   16    6    7   12   14   13    2   14   10   17   17    5    3   13   12   11    2    1    4   11    4 
  19    4    0    9    9   20   11   19    2   13    3   10   13    0   14    8    2    4    8    8    0   12   18   13   10    6   14    5    0   10   12    2    2    1    5    7   12    6    6   12   17    8    3   17    1   12    9    2    2    8    8    8    1    6   10   13   18   10    2   16    3    1    6    4    2 
   3    3   15    0   14    0   19    7    2   20   13   20   16    2    2   13   19    1   11    7    3   12    6   18   19    4    0    3    7    0    8    9   10    8    1   11   19    3   10   17   17    6    8   15    8   11    9    5    2    3    6   12   17    1   17   14   15    5    1    8    2   15    4    5   20 
   7    2    4    5    0   15   18    6   12    5    9    9    8   10    2   17   20    3   16   17   15   13   10    7   12   16    4   19    4   11    4    7   13   17    9   15    5    3   19    6    9    6    1   18   19    5   17    5    5    2    6    4   18   18   12   13   10   18   13   17   16   18   11    4   10 
  11   10   20    2    8    0    4    7    6    5    1    6    5   17    1    1    6   15   13   18   19    7   17    3   14   14   18   14    6    2    4   11   16   19    5    2   18    9   14   15   16   15    5    2    8    0    2    1    2    2   10    8    3    5   14   15   10    2    4   13    3    7   15   18    8 
  15    9   13    7    7   19    0    2   18    1   16    6   14   20    5    4   15   15    1   15   15    4    7    2    9    3    6   12    4    2    1    7    2    4    8    5    2    7    8    5   19    2   11   19    0    5    5   13    7    0   20    3   12   16    1    7    3    4   15    2    5   12    0    1   11 
  12    3    5   12   17    6    4    0    2    3   17   10    5   19   12   16   11    6   14    7    6   18   12   10   20    1   15   13    6    5    2    0   11    1   19   16   15   19    8    1    2    3    2    8    8   17   10   10    6    9   15   18   20   16    4   10    4   15    1    3    4   13    8   14   10 
   6    0   15   13   10    7   14    2    0    7    9   17   14    3   20   16    1   15   20    8   15    1    2   16    5    4    0    5   10   20    3   11    6    1   12   12    4    3   12    7    1   11    1   14   19   12    6    3   17    1   12   12   12    0    1   16   11   14    3    3   14    7    6   10   16 
  16   12    2    1   13    2    3   11    8    0   18    7    2   14    6   18    3   14   18    3   12   18    8    9   15    0   13   10    2    6   14   13   18    1   20    3   12   10    1   12    1   18    7    2    3   16   13    8    9    8    3    4    1   19   16    7   18   13    6   11    4   13    5   17    0 
   4    9   11    8   16   14    6    1   17   16    0   13   11    7   16    8   18   11   11   10   11   12    9    7   13   10    1   18    5   16   14   18   13    3    3    5   17   16    8   13    8   18   18   12    5    1   14    9    7   11   17   16   14    7   12   15    5   14   12   11    6   12   14    6   17 
   0   18    3    8    7    8    9   17    4   14    8    0    6   17    3    2    4   14    9    4   15    7    6    3    1    6   18    7   15   10   19    8   11   14   15   19    7    7   14    0    3    6   13    3   19    8   19   10   16   15   19   17   14   18   13   16   14   13    1    3   14   20   11    0    9 
   6   13   19    1    4    1    5    2    6    5   11   17    0    8    3    2   11    6    2    4    7    2    1   14   12    3   19   16    4   20    9   19   11    1   10   15   11   14   11    4   11    5    5    3   12   20   10    4   12   10    7    9    6    5    9   19   14   15    4   18   10   20   10   12    3 
  19   13   18   11    9    9   11   10    3    4   18    7    7    0   14    6    3   16   15    2    8    1    5   14   13   16   10    6    7    3    8   16    5    5    4    6   10    2    5    1   13   12   14   11   20   18    8    3   14    8   10   17    7   11    6   19   18   17   16    7   19    7   13    2    8 
   0    7    9   14    4    1    9   11    1   15    5   10   10   14    0    7    1    6    6    7    4   13    7   17   16   11   10   11    4    3   13   16    8    5    6    4   20   17   10    4    9   18   15   10   16    4   12    1    8   17    0    3   15   16    0    2   11    5   17    2   16   19    1   10   15 
  20    0   18    7    5    8   20   20   13    9   11   14   20   15   10    0    1    2    1   14    2   14    8    4   19   14    8    9   13   15    8    5   14    7    1   14   17   16   14    5    5    0    7    6   12    5    5    1   18   10   19   18   17   11   20    5    8   11    7    8    3    3    1   17   15 
  17   11    2    1   18    6    3    9    6    9   13   17    3   10   16   11    0    3    1    3    3    4    9   19    3   17    2   15   15   19    8   11   12   13    2    4    4    1   17   13    6   12   18   19   13    6    4    5    3    9    3    0   12   13   19   12    7   17   19    2   17    3   11   15   12 
   5   18   11   16   10   18   19    8    9    8   13   17    8    2    8   16    5    0    9    7    7    4    1    6    5   10    7   16   12   15    2    8   16    5    5    2    9    4    2   19   14    8   18   15    8    2   13    5    9   16    4    8    8   20   10    6    1    9   19   16   20    6    8    7    1 
   9    5    3   19   18    8   13    1    6    2    7   12   13   13    1    9   10   19    0    5    8   19   17    2    8   16    2   16    7   16    8   10    9   11    5    8   12   18    8    4   13    3   11    2    1    5    4    3   11    8    9   13   19   19   14   11    3    2   18    4   16    8    5    2   14 
  16    5    6    1    4    5   17   19    4    6   14   10    9   11   19   18   20   13   11    0   13   16    5   12   11    5    4   11   10    7    4    5   16   10   11   10   12   10   17   18   16    9    1   17    7   12   17    4    2   11    4   13    0    4    5   12    4    5   11    3   12   17   15   15    2 
  14    5    9    1   12   19    3    1   16   11   18    5   12    6   13   19    6    3    7    9    0   12    5    8   20   15    0    4   10    6    8    3    2   17   15    1    4   18   12    5    1    7    6   11    9    5   19   16   13    2    3    2   12    7   12    1    8    2    9    2   17   16    1    6    7 
  20   11   17    5   10    1    4   19    5   10   16   15    4    9   12   14    3    3   15   16   11    0    7    7   12   11    3    2   15    1   16   10   11    6    5   16   11   10   20    3    2   13   14   17    3    1    8    0   12   16   17   18    5    3   17   17    2    5    8    4    3    7   16    3   16 
  18   16    3   19   20    5    6    4   19    1   16   13    6   19   13   19   16    8    1   11   19   12    0    3    6   19   17   11   10    7    7    2    8   11   17   10   11   17   18   17    6   18    6   14    5   19    3    3    3    2   11   11   11   19   12    3    6    1    5   19   11    7   10    4    8 
   6   10    1   10    4   10   19    8    5   16   18   10    2    8    5    7    6    0    9   10   14    9    3    0    5   11   20    5   11   12    3   13    9    1   10   20   19   12    7   18    8    9    6    7   18   16   12    1   19    2    5    6    0   16    0   10    1    8   14   16   15   19    3    5    1 
  12   15    9    4   12    9    3   16    2   10   11   13    5   17    6   14   17    4   13    8    9    9    0    3    0   13    2    9    9   14   14   16    9   14    5   10   18   11    7   18    5   12    9   15    0   19   11   16    7    9    4   18   17   15    2    9    8    0   12    4    6   12   15    0    2 
   6   18   15   16   13   13    8    3    3    2    6   17   20    8    3    0    3   15   15   14    4    9   18   11    8    0    7    7   18   12   13    6    9    0    4   12   13   17    3   16    7    0    7   20    8   19    5    8   10    5   14    9   14   13   14    6   18   11    3   13   19   12    6   19    3 
   5   10   10    2   15    1   16   17    5   19    2   19   11    6    5   16   11   19   11   18    0    1   17    4   15   15    0    5   12    5    4    7    6   16   16    5   17    5   12   16   11   18    5   11   18    3   11    3   15   18    8    6   16    8    4   10   12    5    6   14   14    8    6    0    0 
   9   11    5   10   19    3   18    4   18    1    9   19    5   10   18   18   10    9    3    1    7    1    8    8   10    5    9    0    5   16    3    6    7   17   19   18   11    5    5    0   13   11    3    3   13    9    6    4    1   20    9   11   10   15    5    0    8   16   16    2   19   10   17    2   15 
  16    1    3   11    8   14    9   13    4    7    2    3   19   11   18    4    5   18    2   16    6   12   18   12    8    8    6    7    0    1    9    4    8   17    1   13   15    8    9    5   18    3   16    2   17    0    7    1   11    2    4    3   11   17    3   15   19    5    5   18    3   18   11   16   11 
  11    5   12    4    2   14   16    1   16   12   11    2   20    0    0   20    7    2   14   19   12    7    6   17    8   15   14   13    7    0   19    4    2    7    7    5    1    6   11   10   17    3    3   18   16    7    0   15   13    2   15   14    4   14   14   18    7   16    8    5   12   15    8    5    3 
  13   20    5    1    1   10   11    3   10    3   13   15   18    5   18   18    3   12   12    9    0    5    6   16   17   10   14   13   10    7    0    4    6   15    4    7    3   12   19   16   17   12   18    5    7    7   10   12    2   17    7   11   12   20   17   15   12   19   18   14    4    8   12    9    7 
  20   14   15   13   16   17    2   18   20   10   12    8    8   11    3   11    5    3    8    9    2   14    7    2    8    0   16   10   10    9   18    0    4    4   13   18   17   19   15   13   12    8    5   18   14   19   14    2   10    0    6    1   10    9    4   15    3    9    3   17    1   12    7   13    1 
  15   16    0    6    6   11    6    5   18   12   15    3   14    3   20   12   13    2   10   20    3    1    6    3   14   17    0   15   15    4    0    5    0   13   12   16    9   13   12   10    6    1   17   19   11    2    7   14    9    3    9    6    9   17   15   19   12    3   15   15    9   17    1   17    1 
  19   18   14   10   11    9   10    6    0    5   12    8   19    4    1   10    7    4    3    5   20    9   16    1    4   16   13    5    6   17   16    9    2    0    7   16   17    2   19   13   19    3    4   19   20    7   19   13    1   11   19   19   20    2   11    4    4    4    5   13    8    8    7    6    2 
   7   19    7   11    4    8    8    7   13   20   19    2    8    1    7    4   17    3   11   14   16   14   10    8   16   20    1   14    9   17    6    5   15   12    0   16   14   16   15   14    2   16    0   19   17   18   16    3    4    0    6    4   16    7    9    1   16   10   18   11   14   16   13   11   10 
   6   19    3   16   19    3    9   16   16   17    3   18    7   19   18    1   15    1   17   17    7   17    7    5   17   10    2   11   16    9    8   14   18    3    6    0    3    4    3    4   10   19   16   15    7    9   18   12    9    1    6   18    2   14   11    8   12    3    5    5   13    7   16   19    3 
  15    6   14    9   15    6   17   16   18    1    6    1   11    2   11    1   19    9    7   12    3    1   11   12    3   11   20    4   16    4   12   16   19    8   13    8    0    9    6    1    3   12    7   11    6   20    5    8   19    8   17   12   12    1    2    2   13   10   13   11   18   12    8    7    6 
   2   12    7   14    3    4   19    3    0    9    7    8   11    9    5   13   12    8    9   12   18   10   15   17    5   20   18   11   11   17    5    0    6    9    3   16    1    0   13    5   12    1   17    6    7   15    6    3   16    5    3    1   19    5   12   18   14   12   11    4   20   17   16   11   20 
   8    8   14   12   11   12   17    9    9   16    3    8    1   19   18   17    3    6   16   10   20    3   16   13   19   20    2   10    1    5   18   10    2    5    6   11   13   14    0    7   14   18   16    4    1   15   18    1    0    2    3   19    8    3   11   10    5   16    4    3   11   15   12   10    8 
  11   13    8   14    4   11   20   14    3   14   17   18   19   11   17    3   12   10   14    5   17    4   10   11   16    3    9    2    4    8   17   10   17    0   17   15   15    2   13    0   12    4   18    7   15   16    1    5    4    8    2    9   17   13   14   15   16    6   12   19   12   15   13   19    3 
  16   11   18   10    1   12   15    9    3   10   16    5   18   12    4    3   13   11   16    3   15   17   13   18   13    2    2   15    9    6   13    5   14    4    8   16    9   12   15    2    0    4    2    8   13   16    7    6    7   10    8    4    7    9   16    5   19    2   18    4   15   10   15   12   12 
   8   10   10    7    8   10    0   16    4   16    2    6    4    5    2   12    9    6   14    5   17   10    3   14    4    8   13    7    3   18    3   10   18   13   17   17    8   19   16   18    1    0    3   11   13   19   13   18   15   13   17    4    1    1    1    1   13    5    9    8    9   17   13   15    8 
   4   10   16   17    0    5    6   19    5    3   10    5   12   14   17   18   14    5   16   20    9   12   16   20   13    1   11   17   16    7   15   13   15    8    4   14    8    7   10   12   17   13    0    5   18   13    5    9   15   16   17    4   13   10   11   10    8   12   17    3    6    6    4    8   17 
  20   17   13   13    1   11    3   13    2    8    6   15   10    2   17    5   17   16    1    5   12   12   16   15    6   17    5    4    1   20    7    4    0   13    4    3   12    9    6    0   16   18    6    0   19   14   12   12    4    5   13   16   20   17    2   14    2   10   10   14   16    4    7   12   14 
   7   13    1    8   13    5   17   20    4    8   10    6    9    6    8   18   15   20   14   15   20    4   16   20    5    7    4   10    1    4   17   12   14    0    8   16   10   16   16   16   15   20   17   10    0   10    5   10   15   12    2    5    8    6    0   14   19   12   13   13    2   12   18   13    6 
   1    1   10   18    3   18    3    8   15   15    3    3   14   17   18   12    0    1   18    3    3    2   20   20    7    2    8    1   10   14    5   18    8   13    5   12    2   19   20    8   12   16    9   20   10    0    9   14    8    7    5    1   20    6    7    2   18    2   11   15   14    7    3   20    6 
  14   19   20   18    3    2   12   15   18    7   15   11   12   14    7   13   14    2   12   14    7    7   11   16    9   12    6    0    0    8    4   18   12   13    2    7    7    2    3   14    4    6   16    8   11   18    0   12   12    5   18   10   15    7    1   19    6   11   20    7   18   13   19    1    9 
  10   14   15    1   12   15    3    7   10   18   14   17    8    9   13    6   14   18    5    8   10   15   10    2    4    7   11    6   14   15    7    5   17    8   19    5    1   11    2    3   14   18    2   13    2    5    1    0   12    3    6   18    1    4   15   13   17    2   12   13   18   20    4   17    4 
   5    6   10   15    2   17   18    7   15    6    1    5    8   18   16    5   20    9    7    0   10    8    2   11    2    7    7   18    0   16   17    2    4   13   20   19    9   18    2   11   16   18    8   10   20   19    7    2    0    3   10    6    3    7   18   19    9   16    0   18    3   19   15    5   18 
   8   10   16    1    2   11    0   10   13   19   17    2   15    7   13    2    4   12   14    2   16   16    6   11   16    5    6   12    9   17   13   12    8    7    5   18    9   12    1   10    4    3   15   13   12    5   13    9    0    0   20   16    4   19   12   17    8   14   19   13   15    6    5    7    1 
   8    5    6    7   12   15   14    7    9    1   12   12    7   19   13   10   16   14    2    5   15    7    2   10    3    3    8   20    0    5   16    6    4   12    4    6   11   13    3   15    9   17   18   12   16   10    8    3    6    7    0   18    0   15    4    4   10   11    1    4   16   19    7   12   15 
  19   16    5   11    2    2    4   16   17    6    4   10    9    5   17   14    7    4    9   16   15    6    8   14    3   13    2    5   16    4   17   14   18   19    6    3   20    1   10    4   20   14   17    5    2    9    2    4   19   20    8    0   15   14    5   14    9    3    4   17    7    3   12    6   19 
  15   17    3   18   14    8    9   13   16   12   13   16   17   17   11    5    7    9   20   17   19   14   12    4   13   17   17    8   13   15    7    7   18   10   14    0   19   14   10   12    6    8    4    3    4   12    1    8   10   15    4   19    0   16   12   13    0    1    8   15   20   17    4    9   11 
   5    7    3   16    4    3   19   18   19    1   16   14    6   13    5   19   10   13    7    4   14   18    7    3   12    6    9    2   18   17    7    4    5   18   18   13   15   12    6    4   13    8   12    8   12   16   14   14    8    0    4    6    9    0    8   18    1    8   13   11    9   15    2   18   19 
  10    5   19    5   17   12   14   15    2   11    2    9   12    9    7    3    8    2    7    2   18    1    0   16    6   12   15   10    1   11    2    2   13    1    7    9    3    3    1    4   18   14    4    8   15    3   16   19    3    8    0   18    9    4    0   18    7   16   14   13    8   12   15   13    2 
  14   17    6   15   14   12   15    8    7   17   11    7    5    8    2   20    3   20   17    2   19    8    6   16   16    2   19    3   17    4   18    1    4    9   15   20    6   17   18    0   18   17    9    6    3    1    6   20   18    5    4    9   17    1   12    0    6   10    1    1    0    6    6   18    5 
  10   11    6   10    3   19   19   17   16    5   20    3    1    9   11   18   18    1    5   17   15    3    2    3   19    0   12    9    7   14    9    4   11   16    4    4   17   18    6   18   18   11    6    9    4   13    6    2    8   13    6    6    3    4   11    7    0    9   15   13   20    3   17    1    5 
   7    5   13    5   11   18   17    2   10   17    2   12    7    7   19    5    3    8   19   15   13   13    1    4   11    2   15   10   17   11    7   12    3    3   10   10   10    9   13    2   14   14    0    0    6    1   15    4   16   12   17   19    4   16   10   17   19    0    0   10   11    6    7   12    3 
  11   18   18    1   12    8    5    7   12    2   11    9    1    5    5   15   17   12    4    6    3    3    3   16   12    8    2   19    4   19   13    9    7    4   11    6   13    7   12    2   15    2   14   19    7   18   12    7    6   20   18    5   16   11   17   16   15   18    0    5   14   14    6   19    8 
   7   11    3   16   17   18    4    1   12   12    8    8   16   12   16    3    8    7   19   13    7    6    4    4    7   12   16   11   15    4   14   14   10   18    5    2   10   12    6   18    3   13   10   15   15   17    9   12   10   16    5    5    9   10   12    9    8    0    5    0   19    7   15    6    6 
  14   18    7   17   19   13    7    3   15    6    9    1    2    9   20    6   11   13    6   16    6    7    9   14   18    9   19   13   17    3    6   16   17    7    7   15   15    0   20   18    8    1   17   15    7    5   16    7   15    8   20   11    3    3   17   14   13   13   14    2    0   19   18    7    6 
  10   10    3   11   12   19   12    7    7   12   11   15    2    9    9   11   12   12   18    4    6   18   18    0    6    2   18   10    5    8   16   17    1    4    2   15    5   19    6   18   19   14   15   16    7   11   16   20    2    2    6    8   11    7    9    7    0   12    9   18    2    0    6    7    8 
  12   18    4    4    7    1   16    1    8    5    0    8   16    3    3   10    6    6    5    4   11   12    6   17   17   16    5   13   14    9   11   17   14   16   14    5    0   13    5   19    8   13    4   11   17    8    0    1   18   11    2    1   10    7    1   19   19   12   14    1    9    5    0    8    6 
   7   11   16    9   17   18    5   13    4    7    5   11    1   11   20    7   18   18    9   12   15    5   19    7    3   11    8   20   20    1   15    2    5   18   11   14    7   17   17    9   15   15   17   16   17   14    3    1    6    8    4    1   10    0   10   13    7    9   18    1    9   12    8    0    4 
  10   19    8   13   14   18    9   15   14   16   10    1    4    4    1   16   18   15   10    9   16   14   19   16    1   14    7   16    9   15    1    3   18   17   15    3    7   17   11    9   17   11   16    4   20   12    7   15   12   18    3    3   12   16   12   14    8    0   15   11    4   15   12    4    0 
