          25      2067  0
   93   92   80  143   84   98  134   80  117  115  154  106  122   78  114
   90   61   65   95   72   63  124  103   99  123
  354  579  673  761  871  880 1080 1133 1167 1266 1301 1327 1368 1549 1579
 1628 1645 1724 1754 1797 1854 2099 2123 2173 2294
    2   15    5    2    9   20    2   17   14   10    5    8   11    6   19
   12    2   13   20    6   16    6   19   13   14    0   10   17   14   18
    2   16    9    9    8   18   11   16    2   20    8   20   16   18    7
   15    7    7   14   15   14    0   16   11   19    0   20    2   12   11
   11   11    8   20    1   10   10    2   18    8    9    6   20   14   17
    1   10    0   18    6   19    1   17    6    9   16   13   12    0    5
    9   11   11   18   17   11   12   19   16   10   18    4   19    0   11
   16   11   12   15    5   20    1    1    3    3   11    7    6   18   19
   12    7   15    8   14   16   18   10   19    0    9   20    8    6    4
    6   13   20    3    3    5    4    3    5   18    2    7   18   13    1
    5   16    2    8    1    0    7   20   19    4   11   19   12   12   14
   10   20    8    7   15   15   13   14    6   16   15    8   18   18   11
   16    0    9   20    5    5    0    5    9   14    8    2    6    5    5
   15   10    4   18   12    1    2    5    3    2   15    5    0    5   18
    6   18   13    9    1   13    4    6    1    9    4   18   11   16    8
    9    9   16   19   14    8    9   16    0   16   19    0    5   16   19
    9    9    1    9   13    8   10    1   12   15   13   17    7    6   13
    2   13    0    0    0   12   14    0   19   15   18    3    9    8   10
   13    6    8    9   12    1   12    4    6   15    8    8    3    0    3
    0   18    1    3    5   19   13   10   17    4    1   15   18    5    8
   12   12   18    6   20   11    3   13   15    6   17    0    4   17   19
   16    2   18    6   19   10    2   18    6    3    5    5    2   19   18
   18   12    9   10   13   15   11    0    1    7   15   15    7   11   19
    5    2    0    6   16    1    0   16    4   14   15    8   20   10   11
    1   10   13    0    4   15   20   11   16   15   10    9   15    4    4
   12   18   10    0   17    4   10    1   20    9   19   20    5   13    0
    2   18    3   20    6   19   13   12   17   19   19   10   13   10    6
    4   11   13   17    5   15   11   16    2    6    0    8    4    6   12
   13    2    6    1   15    4    9   14   16    0    0    4   13   13   10
    3    8   18    9    1    2    0    5   14    6    9   13   12   20   17
    7    9   12   18    2    0   15   16   11   19    6   14   10    0   19
    3    3    0    9    0    2   10    7   19   14   18   13   19   17    7
   20    2   10   17    2    8   14   20   12    2    2    8    2    0   20
   20    6   18   11    2    8    2    8   14   14   10   18    0   20   16
   13    4   12    3    3   19    8   20   18    0    3    3   11    2   15
   15    4    2   15    1   10   14    9    7    8   12   13   16   15    2
   20   18   16   11   11    0   15    1   18   15   14    9   12   11    3
    2    0   17   16   10   11   20   19   12    9   14   18    8    3   16
    2    0   16   15   16    3   17    6   11   15   11    8   19    7   15
   15    6   17    6   13    6    9   13    7   11    8   11    0   14   10
   16    5   14   11   18   12    6   19    2   19   16   16   16    6    8
   18   13   14    2   16    7    4    6    0    4   13    1   20    6    8
   12    6    5   11    3   19    6    9   16   18    5   11   13    0    9
   12   17    2   19    0

