  55  0    0   PROB557.txt    H    M    N
 124  120   74  135   49   70  111  154   65   75  127  106   61   84  113   79  107   77  105  104  141   70  119  103   95  109   55  162   99  132  103   95   79   89  116  122   90  125   84  106  133   55   92   61  125  102  109  118   87  164   76   97  116   96  140 
1829 1837 1848 1859 1871 1874 1916 1921 1964 1974 1997 2016 2084 2089 2104 2116 2182 2206 2226 2243 2269 2280 2285 2285 2339 2371 2412 2429 2433 2449 2494 2512 2571 2626 2643 2675 2698 2702 2706 2723 2767 2771 2786 2786 2791 2807 2829 2877 2894 2913 2955 2962 2972 2987 3007 
   8   16   18   14   19   10   14   12   14    4   19   18    6   18   19   14   19    6    4   12   17    8    3   14    4    5   17    7    8   10   11   16   19    8   11   19   18   14    3   17   10    3    1    2   15    0   13    1    2    1    1   19    2   19   19 
   0   16   15   16    4    0    1   20   10    5    7    7    9    4    5    9    3    1    3   19   10   16    4    6    9    8   10   13    2   17    0   10   19   20    8   11    2   13   16   16   16    1   12    1    4   16    3    1    1    4   10   12   11    4    3 
  17    0    3   18   12   13   19   18    9   19   14    9   15   14   12    8   17   13   10    8   14   17   16   13    9   10   13    2   18   15    7    6   15    9   18   20   19   16    7    1   13    5   19    1   19   18   17    6   15    1    5    5   14   14   11 
  16    6    0    1   15   10   14    6    9    1    9   16   11   18    8    6   16   19   15   12    3    9   11    2    6   11   17    7   18   14   14   14   17    4    1    1   19   16    4   18   19    8    5    8   17    3   19    4   13    7   11   10    7    7   18 
  16   16   18    0    6    8   16    9   18   17    0   20    5    0    4    3   12   13    1    5   13    3   12   13   12   19   18    6    9    1   13    1   19   12    2    9    4    1    7    2    3    3    9    6    3   19   16   14   12   19   13   15    3    6   12 
   6    9    5   13    0    6   10    4   10    9    3   19    8    8    8    1   11   13   16   10   18    5   13   12   19   17   15   14    0   14    2   13    5   12   19   18   18   13   12   11   15   15    6   17    0   16    6   19    6   15    3    3    3   19   12 
   6    6   18    9    3    0   14   17   17   12    8   10   17   17    5    1    5    8    1   11   16   11   15   16    7    9    0    7    8   13   15    5   13    5    2   19    8   19   19    0    6    1    5    9   17   20   14    8   10    6    6   16    7    5    1 
   6   19   17    4   14    9    0   18   13    0    8    9   16   13   10   15    6   14   20   15    6    8   17   11   17    9    8    2    9   13    3   19    9   16   17    7   10   10    8   14   13   14   11   13   17   11   11   17   16   19    8   14   12   19    8 
   7    8    1   17   15   11    8    0    3    2    3   11   12   19   18   20   10    0   16   11    4   13    8   13    7   14    6   17    4   16    3   17   11   18    1   15    6   11   18    7   16    8   15   13    6    8   19   12    9    1    5   11    2    3   19 
  10   19   11    6   14    9   12   12    0   13   16    1   12    9    9    0    6   11   17   11   10    2    3    3   18   13   19   17   12    6   17   13    9   15    4   18   17   18    9    2    0   20   10   10   16   14   15    5   12    8    1   18    2   16   11 
   0   19    7   14    2    3    4   16   11    0    5   15    6   16    4    0    8    5   18    1   13    1    1   10   11   18   19   19    9    0    6   19    4    3   10    0   11   13    3   11    3   18    9    9    2   15    3   17   10   13   14    5   11    4    9 
   6   12   11    1   17    3   11   18   13    7    0    3    6    7   13    1    2   12   15   15   19    3   12   18   12    6   10   12   14    4    2    8    2   12   17    5    4    6   11   19    3    5   16    5   17   12   19   10    1   13    7    3    2   15   15 
  12   18   18   10   17   17    4   16    3   11    4    0    7   15   11   14    2   15   15    1   16   13    5   10   18   11   12   14   19    1    7    8   15    9    9   12   12   16    5   12   12   14   17    5   13   10   17    1    2   17   15    3   13   10   19 
   4    5    2    7   10   18    4   17    4    0   16    2    0   18    9   14   17    9    4    9    7    0   16   11    9   19   19    6   10   12   17    6    6    6   18    7    9    7    5   10   13    4   15    4    9   17    9   15   20   20    4   10    6   13    2 
   4    8   19    9    9   16    9    3   14    3   11   10   12    0   20    1   16   14    9   19    2    6    9    5    9   13    7    5    1   17    4    5   15    1    9   16    7    7   19    7    7    3    2    2   15   19   19   18   12    2    0    2    5    9   13 
   1   14   13    4   12   15   12   17    7   11    1    1   10    5    0   16    6    6   19   17    7   20    6   17    3    3    2    7   20    3   17    9   17    4   18    2   18   18    3    4   15    2   17   13    0   10   11   13   12    9    4    6    9    2    9 
  16   12   18   15    2    6    9   19   12    7   11    9    3    5    5    0    5    1    8   10    4   17    9   11    1   14    8   17   16    2    9    9    5    5   14   12    3   16   17   11    1    1   20   10    4    9    4    5   11    3   14   12   19   10   12 
   7   11   12   16   18    5    9   18    8    5    7   15   17   13    6    1    0    9    4   16    8   17   14   14    6    1    2   11   11    8   11    9    0   14    6   19   10    6    6    1    3    5    7   11    9   16   12   18    6   12   18    0   12    7   15 
   7    5    2    9   18    4    1   11   14    2   19    9    1   20    8   17   18    0    1    3   18   17    3    9    7    1    4   17    8   14   15   16    5    1   13   15   19    5   18    0    0   11   14    8    2   15   12   17    3    5    0   15   20    6    7 
  14    7    6   18   13   15   11   12   12    2   11   19    0    7   17   17   11    4    0    7    8   19    8   13   13    1   17   19   10    6   11    5    5    1   17    4   13    9   19    8   11    3   13   15    8   19   18    4   16    1   19    3    8    6   13 
   2   18    8   16    2   19   13    2    1   17   10   16   14   18   18    0    3    6    6    0    6    8   19   18    8    6   12   14    8    3   11    7    1    1   13   10    3   20    3   19    0    9    1   15   18    5    5   18   13    5    0   18    6   16   19 
   1    2   15   16    6    7    2    2   10    9   16   14    4    5   14    6   17   12   18   18    0    5    8    9   18    9    4    5    2   17   10   17    2    4   15   16   13    2   11    3    6   17   11    3    1    1   10   18    4   11    3    9   10    3   13 
   8   11   14   10   12   18   10   17   16   11   13   19   15   19   17    9   11   19   11    4    2    0   10    1    1   20   16    1    5    7   19    4   14    8    6    1    5    8    6    6    8    8   16    1   18   18   14   13    5   19   12   20    6    4    4 
   5    4   17    7   11   15    3   20   19   16    4   17    3   19   17   15   15   10    8    2   15   12    0   12   14   15   16   13   18    0    5    1    5    3    2   13   13   12    8    9   13    1   17   13   15    1    4   16    4    6   18    3   15    4    2 
  13   18   13    5    2    6    2   18   10   10    1   13    3    5   10   18   13   13   11    7   15    4    9    0   16    1    6   18   18   15    5   12   13    6    3    3    2    2    1   16    8   15    6    2   12    8    5   20   14    5    5   18   15   10   12 
   3   12   15    7    1    8   11    6    4   13   16    9   10    9   14   17    8    2   20   13   12   17    0   14    0   14    7   19   16    4   20   12    4   11    6   14   13   18   16    0   10    7    0    8    7   13    3    2    2    7    9    4    0    2    3 
  15   17   15   15    6   10    2   14    1    2    6   16   15   12   18    7    1    9   14    6   17    1   18   16   20    0    8   12    8   18   14   17    8    2   18   20   14   11    7    1    4    8    3   12    9    9    2   20    6    9    6   16    8   19    3 
  13    5   15   18    5    0    6    2    2   16   16    2    6    8   15    8    2   16    7   15    8   17    8    7    9   11    0   20   10   10   13    0    4    5   18   20    8    1    1    2    1    2    5    6   15   11   18   11    5    6    4    3    1   11    6 
  15   13   16    1    7   19    7   16   16   10   18   12    5    9    0   10   13   14   10    1    8    3    1    1   14   11   13    0   19   17    7   13   12    6    2    6    1   14    2    5   12    1   13   12   15   17   11   16   17    3    7    2    4    1   14 
   7    9   12    6    5    3    3    7   11    7    7   11    1   12   18   13   20    1   17   13   14   19   11   15   11    1   10    2    0   11   17   20    1    3    7    8    7    5   15    1   16   16   12    6   11   10   11   15    2   14   10    9   10   16   12 
   1    3   16   18    3    2    3   12    8   13   18    8   13    5    3   12    5   15   15   19   14   12    7    7   19   17   12    0    7    0   15    7    3   11   18   10    2   19   14    3    4   13    7   17    6   14    4   19    2   10    7    6    1    4    9 
  18   14   12   12    1    3    2   11    9    1    7    5    8   11   20   17    4    7   17   19    5    4    5    6    7    1   14   18   12   15    0    5    7    4   19    6   13    3   11   12   17    3   16    0   16    6    3    5    3   17    1   18   15   15    9 
  13   11   18   14   18   14    7   14    0   17   10   10   17   10    9    1   13   13    4   17   11   17    1   16    8    3    8    5    1   20    0    0    1   12   16    9    1   11    8   14    2    3   11    3    7   13    9   13   17    6    4   20   10   16   15 
  13   17    3   10   11   18    1   10   19   13   16    3   11    6    3   11   14   14   16   20   15    6   16    7    8   18   10   10    8   11   16    5    0    2   16   11    6   15   12    8   14    2   15   14    6   16    9   12   14    1    3    8   10    3    2 
  16    0   18    4   15   19   13    4   13   16   10   13   16   18   11   17    8   19    9    7   13   11   16    9    6    3    5    6    3   12   19    5    3    0    9   13    2    1    1    2    1   11    8   17    6   17   19    9   18   10    7   12    6   16   17 
   3   12   19    8    2    9    8    9    8    3   18   12    7   15   16    2   17   12    5    5   10   16   18    6   13   14    5   15   19   11    6   13   11    8    0   12    4    6    9    3    6    6    6   15    1    9   20    7   14   12   13    4    5    3   17 
  14    2    6   19    1    1    8   15    4   14   17   17   16    1   12    7    3    3   11   19   17   16    4   19   13   19    8   17   11   14   14   15   19    1   16    0    4   15    5   15   12   13   19   11   20   14   20   20    7   14   11    2    6   16    6 
  14   18   18    7    5    9    2   19   13    9    6   14    7   12    6   18    5    4   10    0   18    1    3    0    5    8    5    8   19   20   15    8   19    7   18   20    0    1   11    0   17    9    2    7   19    0    1    8    1   11    5    6   13   18    2 
  20    5    9   10   18   13    2    6   11   19    8    5   17   11    9   17   18   14   16    4    9    5   14   15    3   11    7    1    3   19    6   19    2    4   12   16    6    0    9   14   20   14   12    6   14    6   14   12    8   16    1   18    7    7    8 
   8   17   14   11    1   20    9    0   20    7    8   10   19   11    4    5    4    8   15   16   10    2    1   15    3    5   17   11    1   20    8    6    4   12    4    7    6    8    0   16    3   11    9   10    4    3   14    1    9   15    6   19    3    0    4 
  12   14   18   12    5   19   18    6    0   14   16    7    1   20   18    4    7    5    8   19   14    9    2    5    1    7    6    6    5   14    5   11    3    0   13    1   17    9    4    0   12   12    2    1    5    5    4   12    5   15    6   13   19    1    1 
   7   16    1   15    3    4   11   15    6    4   16   14    6   15   18   11   18   12   19   11   19   15    6    2    8    2   19   12   11   14   17    5    9    4   19    0    2    6    3   12    0   12   10   19   12    1    4    3   20    0    1   11    3    8    7 
   8    1    8   19    9   13    3    5    8   18   17   14    7   17    9   18   19   14    3    5    6    6   11   14   17   12    5   10   16   12    8   10   19   12   14   11   17    3    5    3   19    0   12    6    8   18   13    7   18   14   10    2    6    0   15 
   6    2    4    5    2    6   15    4    1   16    6    9    6   10    9   11   18   16    9   16   19    2    5    1   18   17   16    7   13    9    6   18   10   17    1    6   19    8   16    6    5    1    0   20   11    2    0    8   10    9   13    6    3   14   13 
   4    1    1    3    6    8   20    1   18    3   13    8    5    8   16    9   10    7   15    8   13    9    1   10   16    8    2    7    8   11   16    9   12    8   19    5   19   14    2    4    6   15   13    0    6    2   10    4   15   11    3    7   16   17   13 
  12    9   10    6    7   15    5    7   13    3    7    2    1   17    9   13   16   10    6   12   10    3   19   17    1    5    4   12   13   14    9    0    5   17    6    8    5   12   11   11   18   17   11    2    0    8    9    9    2    9    4   15    3    0    1 
  10   14    8   12    9   11   10   12    2   11    0   17    4   12   11   18    1    8   20   10   12   10    2    6    2    9   19   10   19   18   10   18    9   11   15    1    3   13    7   10   12   13   16   12    3    0   13    3   14    2   19   16    6   19    7 
   6    1    8    8   14   15    7   12    2    1   11    3   18    5    1    8    2    3   18   16   11    4    9   11    8   15   12    9    1    1   14    8    9   10   12   18   17    2    2   17   14   17    7   11    9    7    0   15    2    4   15    4    6   18   10 
   3   18   15    0    5   16   16   14   13   14   12   16    6   10   13   10    6   17   19    3    4    2    2   17    7   19   19   17   18   18   10    2   18    7   13    5    9   14   10    4    6   11    4   19    3   14   11    0    6    2   12   19    8    5    7 
   7    4   19   10   18   12   17   12    6   15   12   12   14    5    9    3   16   10    9    1    3   14    0   12    9   14    3    8    4   17    4   18    4    5    1   15   16   13    7   11    1   20   15    4   11    3   12   19    0   10   10   15   12   17   11 
   2    5   18    0    8    2    6   10   14    9    7    1    8   12    1   18    6    0    9    4    6   11   17   17    3    4    7   13   14   13    6   18    1    7   13    0   16   11   16    9   14    9    7   10    1   10   11   13    4    0    9   13    2    2    2 
  19   19    4    2   10    2   15    8    5   17   11    3   14    6   19   11   12    1    1    1   14    2   16   12    4    7    8   12    0    3    4    2   10   15   19   16   10   19   12    3    3   13   13    3   16   16    9   19    6   17    0    3   13   14   19 
   7   16    7   17    3   10    6   11   20    5    0    0    8   19    5   19    6   16    2    6   16   10   11   15   13    2    8   20    7    5   19   10   15   20    9   13   13   10   15    9    6   20    6    9   15   14   12   15    8   18    8    0   12    2    4 
   6    9    9   19   17    6    2   14    6    5    1    6   19    4   17   20   18   14    8    3   12   17   10   12   20   11   12    8    6   13    5   13    2    7   18   19    7   13   11   14    2    3   12    8    0    6   10   18   10    2    5    6    0    9   18 
  11   18   12   13    9    8   10   15    4   16   12   18   16    3   17   15    8    0    8   18   11   15   19   14   12    8   11    7    9   16    6    2   15   17    3    3   10   12    0   16    8   15   14    1    3    8    9   11    4    3   14   13    7    0   12 
  20   13   12    6    9   10   10    4    4    2    6    9   20    4   18   13   16    3   17    4   17   11   13   19   13    5   17    9    2   17   19    3    3   17   12   18    7    7   10   16   19   11   17   10    6   11    8    6    8   15   15   19   17   14    0 
