          45      0     0
  105   99   99   87  100   97  100   95  104  102   95  105  110   96  104
   96  101   99  107   96  109   98  101  102   98  108  100  102  106  100
   92  103   96  100  107  109  102  105   99   98   95  107   92   97   96
 1819 1820 1960 1996 2116 2203 2377 2523 2580 2656 2843 2954 3153 3336 3371
 3554 3608 3653 3873 3992 4073 4124 4181 4261 4311 4377 4442 4532 4533 4661
 4746 4976 5124 5188 5239 5313 5353 5395 5463 5490 5693 5749 5910 5956 6006
   10   19   18   14    4   10   19   18   15    8    3    0    4   17    5
   10    3   18    6    0    9   10    6   10   11    2   18   15    7   18
   17   20   16   10    3   10    0    1    8    8   19   14   13   10   20
    0   15   13   20    6   13   14    3    0    6    2    5   11    7   19
   16    8    2    5   16    0   14   20   20    3   15    3    3   20    6
   14    3   14   14   15    8   11   14    5    2    2   17   15    6   13
    7    0   20    0    8    5   18   11    2   14   12    1   18   10    1
    8    6    0    5    1    7   15   17    6   12   11    8    7    0    9
    7    1   18   15   19    3    5   16    7    6    7   17    7    8    3
    9    3    0    5   13   13   18    9    7   10    6    3    2   18    7
   10    2   15   16    3   14   10    3   11    9    7   15   19    6   13
   18    9   13   18   20    4    8   15   13    3   19   11   13   11    6
    8   20    5    0   19   17    0   15   12   15   15    7    2    8   13
   16   16   11   19   10   11    4   14   17   18    2    3   10    2   10
    6    0   17    5   16    5    6    8   13   14   19   14   12    9   13
    3   17   10    0    0    7    2   11   18   11    2    5    4    7   18
    5    5   10   18   17    9   20   17    3    0   15    3    5    1    8
    5    0   20    6   10   12   18   15    3    3   20    3    3    1    0
    6    8   20   11   13    0    2   19    3   13   13    5    5    7    5
    1   18    3    3   20    3    7   12    8   15    3   10   14    8   13
   10   19   20    5    3    0   11    1    5    7    2   20   20   19   17
    5    9    1    3    0    0    0    2   10    2   15    7    5   15    9
    9   15   11    7   12    3   15   15   13    3   17    9    0   17    5
    1    8    9    9   15   16   11    7    7    3   19    5   16   19    3
   19   18   20    9    4    1    1    0    9   17   14   16    6    5   12
   18   11   17    6    5   14   16   15    0    0   20   18    9   17   10
    8   10    2   14    2    9    9   17   12    0    2   12   19    2    2
   18   19    8   15   13    9   13   11    0   11    9   14    7    3    8
   17    5    0    8    4   19    9    1    3   16   16   19    6   11   20
   18   13   15   10   10   17   20    0    6    9    2    1   13   20   14
    8   19    1    9   13   15    2   15   18    0    3    2   17    1   15
    8   19   10    2    6    5   17   13   14   17   14   11   17   13   18
   10    4    7   17    5   15    7    1   14    9   18   18    2    5    4
   12   19    1    8    3   17    7   14   18   20    0   19   16    3   20
   20    7   17    8    8   12    2   18   16   15   12   11    6    5   16
   18   19   10    6   13    5   14   19   16   11   15   11   20   19    6
    9    3    6   15    7   20    2    7    7   20    0    0   12   17   10
   10   16   16    8    8    8    6   20   11   11   14    3    3   20    0
   17   16    9    7    5   11   10   16   14   20    9    3   11    6    5
    3    3    7   13   18   10   11   11   12    8   20   14    0    4   12
   19    6    2    5    4   12   19   18   12   17   13    0    0   18    6
    3    5   14    9    6   19    9    9   19    1    2   16   17    7    7
   19    5   19   10   14   12   14    3   16   12   18    8    0    0    8
   13   14    4    0   12    0   10    0   17    1    5    2   14   18   15
    9    4   16   20    9    8   18    5   17   12   17    5   13   18    4
    0    1    4    9    2   20    9   18   16    5   11   10   18   20    0
   17   19   19   18   18    6   18    4    8    9    9    8    8    0   20
   19    3    9    7   11   17    5   12   18   10   15    1    7    6   18
   14    7    4    6    9    7   13    9   12    1   11    0    6   11    7
    0   20    6    3    8   10   17   12   15    2   14   18   10   12    3
   12   20    7    0    2   12   17   17   20    6   18   10   18   12    3
    0   19    4   14    0   19   15   13    6   16    5   17   20    7   20
    1    0   16   12   20   19   20    2   15   17    5   10   20    1   11
    6   14   20   17    9    1    4   15    5    0   11   20    6   19   18
   15   17   13   13   17   17    9   18   14   17   15   17    5    6   20
   12    0    0    8   18    4   10   20    5    2    4   14    3    4    0
   11   18    3    5    6    0    1   10   12   16   13    9    8   15    3
   15    1    1    5   17   19    6   13    1    5   15    3   15   13    3
   17    3   15    0    9    6    2    1    5    2    6   18   12    7    5
    9   14    7    5   15   15   11   13    1    2    8   14    7    9    9
   17   10   16    6   11   14   13   12   20   12   15   17    6    8   16
   14   13    2   16    0   11   19    3    6    0    0    1   12    0    0
   17   18    3   11    8   11   18    5    5    8   16   13    1   11    5
   18   17    2   20    4    2   10   16    5   18   18    7    8    8    6
   18   18   15    2    9    0    6   18   13    7    7   17    7   11    8
   15   16    1   18    3   11    2   12   16   18    8   11   10   20   10
   10   19   17    4   19   18    9    9   17   16   13    8    7   12    9
   13    5   15    8   16    9    0   11   14   13   16   12    7    8    7
    0   18    0   12    8   10   15   15   19   17    9   12   13   19    0
    2   14   12   13    8   13    3   10    5    4   16    1   14   13    4
   19    2   16    5    4    0    0    0   16   16    8   16    7    3    6
   12   16    8   16    4   20    7   19   10    9   14   12   10    3    5
   15    6    3    5    4   10   15   15    3   18    4   20   12   10   20
    4    6    7    6    6    4   10    1    0   13    3    3    7   16    3
   13   20    9    3   13   19    8   14   13   16    3   17   12   15   18
    7    4   20    4    6   15    5   11   12    5    1    1   18   18    3
   15    4   13   19    6    8    2   17    7    0    9    2    4   12   20
    8   17   19   10   10   11   14   16    8    3   18    5   11    9    8
    7   15    7    7   16    1   16   19    1   12   18    6    1    3   11
   11   15   17   16   19   13   10   14    0    9    0   10   19    4   12
   19   16   16    6   12    8    1   18    7   18    3    6   19   17   19
    3    7    6   16   13    1    8   17    6    1   20    3    9   17    9
   16    8   14    5   14   16    2    8   20   12    5    0   13   18    4
   10   17    0   15   14    9    2   19    8   16    0    0    7   19    1
    8    9   20   12   16    3    2   18   15   12    8    2   18   20    3
   18   10    8    0    6   13   13    9    5   12    5   13    0   15    3
    2    7    8   20    5   13    2    2   12   19    2    8   14    1    8
    4   16   10    8   15    5    5    1    8   20   15    4   11   19   18
   10   14    9   20   20    6   12   14   15   18   20   17   18    0   12
   15    0   20    1   16   10   19   13   19   19    6   14   19   18   18
   13   11    7    6    4    3    3    1    5   10    8    8   13    8   11
    9    7    1   16    5   18    5    8   10   15   18    0   17   13    0
   11    4    4    6    8   12    2   18   20   16    2   11    0   17    8
   20   12    9   12   15   16    3   15    5   10    5   11   10    2   17
    7    4    3   11   11   12   14    8    4   16    6    9    8    1    4
    0    8   13    9   12    9    1   20    3    7   16    4    3   11   15
    0    3   14   10   15    4   19   13    3   12    1    4    2    1   15
   18   16   18    7    3    9    5    8    2    5   16    1   11   19    8
   12    0    5   19    2   15   20   12    1    6   13    9   14    5    3
   17    5   11    5   15    7   20   20   19    9   13   10   16   11   18
   18    5    1   16    9    9    9   16   13    7    4    3   20    4    9
   11    4    0   10    6    4   19   18    5    3    7   20    0   10    2
   20   17    6    5   14    0    3    4   18    2   11    7   20    9   18
    9    6   10   19   20    8    2    3   11    0   16    5   10   17    7
   20   17   19    0    7    3   13   19   18   18    2   18    4   11    7
    3    3   19   10    5   20   14    9   11   11   17    1    1    6    8
    6    9   11    7    8    8    2   17   12   18   18    6    7   19    6
    2   19   18    7    0   15   12   18    9    9   19   14    6   19    7
    8    8    1   16   18    2   18   12   13    8   12    0   12   11    1
   16    5   10   11   19    1    5    5   19    2    9   14    5   18   11
   18   11   11   19    5    0    9   17    4   10   18    1    3    6    5
   18    6   15   13    4   13    7   16   10   13    8    3    1   20    3
    9    8   13    3   12   14   11    7   17    7   15   13   15    7    5
    2    2   13   10   14   14    0    0   16   20   14   19   19    9   17
    7    1   10   18    7    9    8   10   19    0    6   16    6    6    1
   18    5   15    5   11   10    5   18    0   18   13    0   11   13   20
    3    9   11    0    3    4   13    0   17    9   17   15    7    7    0
    4   13   10    0    0   17    6   14   14    7    2   19   20    5   17
   13   17   13   19   10   14   10   16   11   15   12   15    3    6    3
   10   12    0    4    5   15   12   17    0   16    0    8   16    6   11
   18   12    8    6    1    7   16   12   10    2   10   12    7   15    6
    7    0   17    1   20    7    6    3   14    3   12   20   18    3   10
   10   17    2    1   12    1   10    0    5    0    2    1    9    3   14
    2    0    4    1    3   20   20   15    2    8    5   17   14   18   13
   13   18   13   18    2   13   12    7    1    9    6    1    3   11   14
    0    4   14   10   17    8   11    5   13   18    0    0    0   13   14
   11    7   18   19    0   12   19   20   19    2   16    6   14   20   10
   14    1   13    7    7    8   18    1    2    7    6    4    8    1    5
    6    9   11   15   18   13   12    9   12   16   17    0   10    9   13
   13   17   18   16    0   11    6   17   15    1    5    0   20    4   13
   20   20   12   16   16    4   10    6   13   13   20    1   16   10    3
   19   17   20   17   11   10   20    3   18    6    7    5    0   13    6
    2    1   13   19    2   17   13   18   11    7   19    0    1   20   16
    9   11    0    8   10    3    9    6   20    9   14   17   10   11   17
   16   15    6    0    7    9   10   19   19   11   17    9   12    0   12
   18    5   13    9    3   18    8    7    9   15    1   15    8   15   12
   14   18   14    4   19    1   19   13    5   11   18   15    0    7    6
    8    8    5    2   10   10   19    4   15   18   14   16    4    2    0

