          45      234   0
   78  112   29   91  117  102  132   94  130  107  130   64  114  115  121
  103  130  105   97  127  143   88  122   72  102   99   66  127   71  113
   77   82   60   77  104  125  145  124  110   97   90   81   60   97  125
 3484 3492 3501 3514 3530 3542 3610 3620 3620 3682 3687 3754 3792 3798 3812
 3842 3856 3863 3938 3941 3954 3973 3997 4007 4034 4061 4091 4122 4141 4213
 4214 4215 4256 4281 4297 4314 4331 4336 4354 4371 4389 4398 4409 4418 4426
    9   13   16   17   18   16    3    8    2    1    8   16   14   12   13
   14   14    1   11    5    5   20   19    5    2   20    7    4    8   15
    7   14   19   15   13    9    1    1   11    3    4   18    9    5   19
    0    3    4   17    9    8    9   19   10   17    5    5    3    9    5
    4    8    0   17   20   19   17    0    9   15   14   17    0   10   10
   10    0   10   13   18   16    9    6    4    0    0   15    5   20   10
    2    0   15    6   11   19    2   14    7    3    8    3    4   14   19
    9   15    5    1   19   13   17    4    7    6   15   15    4   14   15
   18    6   12   16   17    1    0    5    5    1    3   12   19    7   16
    8   14    0    7    4   13    0   16   10    5    2    5    9   15    8
   17   10   19   17   20   17   15    0   11    5   16   20    2    6    6
   19   18   15   11    6    8    8   13    8   12    9   11    7    0   17
    1   14    4    0   12   17    7   18    0    1    2   15    8   17   20
    8    7    8    1   14    1   17   20    1    9    7   10   10    0    9
    6   13    5   14   14    6   14   17   15   13   19   18   14    9    9
   16   11    5    6    0   16    8    9   20    0   11   19   20    0   11
    2    8   19   16    4   19    5   15   12    0    1    2   19   16    1
   11   10   16    9    7   15   16    5    5    4   16   10    9    7   17
    7   16   16   19    8    0    7   10   14    0    0    5    4    9    1
   17    2    3   15    6    6    8   18   19   19   16    4    0    3    9
    8    7   19   12    6    8    9   16    9    3   15   17    2    3    0
   20   14   14   12   17   13    0   15    7    3    7   19   15   20    0
   18   10    4   12   17    8   10   19   10    8   16    8    2   20   12
   19    4    4   15   18    2    2    4   14    3    4   12   17    9   20
    5   19    7   16    8    6    6    0    9    6    0   19    0    8    9
   10    8   11   10   19   10    7    8   17   18    1    1    5   11   19
   13   13    7   11    5   11    0   18    8    4   19   19   10    4    7
    0    8   10    2   13   11    0   13    0   19    0   10    2   15   19
   20   17   11   20    0    7    4    7    8   11    3    4   19   20    3
    7    5   17    7    9   13   11   18   12    8    3    5   16    7   15
   12   19    0    9    2   11    7    9   14    0   12   20   11    4   19
    5    6   11   16   20   18   19    6    4    0   18    8    3   17   11
    4   14   16    1   10    6    5   19   20   14    4   19   16   16   10
   15   20    7    3    4    8   10    6   12    0    0    8    8   14   14
   20   16    3    6   10    6   12   14   18    1   19   14    4   13   17
    1   16    7    8    8   19   20   19   18   19   10   19    7    9   16
   14    7    0    7   17   14   18   19   16   11   16    0   13   13   20
    5   19   16    5   20    0    7   12   13   15   10    2   15   16    6
    9   18    8    7    5    2    6    9   20    5    4   11   13   15    0
    8   18    4   14    8   13   11    1   15    5    4   10    0   20   13
   13   19   13   15    2   11   16    5    1    3   16   19    6   20    3
   19    8   12    1    3    5    5   10    7    7   18   17   16   10   20
   14   14    2   14    4   11   15   12   16   20   20   18    4    0   20
   18   20    3   12   11   15   17    1    4   11   16   18   15    4   17
    7   18    6   12    4   14    7   15    8   16    7   17    9    7    3
   10   12   19   12    2   16    4   20    6    3   19    4    8    7    0
    5   16    1    1   18    5    6   16    2   18   17   20    8   10    5
    3    8    9   19   10   10   18   12    5   18   15   17   14    0   20
   13   15   15    9    3    4    7   16    5    9   10   16    3   19   19
    0   12    9   14   19    3   14    2   11    4   20    7   10    0   11
    8   10    6    5    7   16   12   16   13    6    9   18    9    9   18
   20   17   20    3    1   14    9    0    6   17   10    1   10    6    4
   19    0   12    1    3    4   16   16   16   18   10    8   12    0   16
   20    0    1   17    0    0   11    0   14   12   15   19    5    3    9
   13   11    5   17    0    2   12   20   12   18   10    6   15   14   18
    7    9    0   20    0   16   10   17    3    6   11    7    2   12   11
   18    7    3    9    4   14   16    1    7   12    6    9   20   11    0
   18   19    3    2    5   13    3    5    0    9   18   19    3    7    7
    1    7    2    0   11    2    6   10    1   14   12   18    7    4   19
   15    1    2   16    7    9    5    6   12    0    7    6    4    7   14
   20   18    9   14    1   17    9   17   12   14   20   18   20    5    3
    0   10   15    8    0   19   13    4   13   15    2   10   10    7   11
    0   13    0   18   15   18   10   14   10    1   11    6   11   14   11
   18    1   19    4    2   11   10    6    6   17   10    1    4    5   14
   16   17    3   14   16    0   20    8   12    0    4   10    0    5   16
    9   18   13    7    3    2    2   19   13    6    7   18    3   18    0
   16    5    7   16    0   13    1   15    0   19   17   11    2    1    7
   20   10   11   18   20    4    0   13   13    0   13   15    9   17    0
    6    7    7   15    5   15   16   10   19    7   16    6    7   19   11
   16    7   14   12   15   20    3   16   12   13    5    1   11   17   20
    0   16   16   16    6   18    1    0   11   10    0    4    1   12   11
    6   19   19    3    5   18   15   19    0    3    2   10    7    7    8
    5    0   16    6    5   10   19   14   17   10    9   20    8   18   11
   20    7   12   10   20   10    4    0    0    0    4    8   17   18   16
    1   11    3    8    7   12    1    8    7    3    1   11    7   11   10
   14   19   19    2    9   11    9    8   17   14   14   19   20    8   17
    0    7    8   11    1    9   20   18    0    0   16   15   13   18    6
   20    4   14   17    0   12    2    3    4    7    0    9    5   18    5
    2   11   11    7    8    0    0    6   15   11    8   17    4   16   19
    8    2    4   19   11   16    0    0   12    9    0    8    9   18   18
    7   15    7   10   10   16    1   18    9   18   15    4   17   13   13
    1   15   11   12    9    8   13    6   19    0   10   11   19   18    8
    9    8    8   14   19    8    8    9    7    5    3    0   20   14    8
    2    0    8    5    9   10   19   18    1   15   18   14    4    6    7
   12   18   11   15    9    4    9    5    4   15    4    6   11   14    8
   18   15   12    5   18    4    1   10    4   20   13   11    0   11   15
   14    4   18   11   10    0    9   19   14    1    6   16    8   12    5
    0   18   20   16    3    3   15   13   19    3    0   17   15   19   14
   12   18   11    5    8   16   12   14   13    6    2    3    9    0   14
   13   12    3    4    7   19   10    8    8    3    4    3    4    0   10
    4   15    4   20   14    9    6   14    1    3   16    8    7    2   20
   18   17    6    1    7    4   10    2    0   16   10   14   19   18    0
    8   16   10    9    4    3   17   18    4   20    1    4    3   20   16
   10   10   13    8   13   16   12   10    3   12   16   17   17   14   13
   16    6   10    1   18   17   19    3   13   17    2    1   14   14    7
    0   17    3    4    8    0   17    5    9   16    4    2   12    3    8
   20   13    4   19    1   12   10    5    0   11   14   18    9    2   20
   15    9    2   18    5   13   16    4    4    8    5   13   16   18   20
    4    0   17   19   11    8    9    4    4    2   14    8   11   14    2
   19   18   12   19   14    3   19   16   20    8    8   12    0   10    2
    9   20   11    1    1    5   19   11    7   11    1    3    9   13   13
    2    9    0    5   15   16   14   18   13    2   18   20    2   13    9
   17   15   18    9    8    3   15   18   12    7   19   17   17    3    8
   15    9    4    5    9    1   16    7    6    3    0    9    2    5    7
   15   18    1    0   14    0    3    6   11   18   14    1   16    0    7
    5    0   19    6    5   14    5   20   12   11   11    3   17    4    0
   11    4   13    9    9   12   16   17    0    9   10    1    4    1   20
   15    7   12    2    0    9   14    8   18   16    5   10   18   17    0
    1   11    0    0    9   18    6   14   11   16    5   15    1   16    3
   19   19    6   10   13    2    0    3    2   11   14    1   18    0   13
    3   18    4    6   17    0   15   12   17   16   16   10   19    9    3
    3   10    9   11   16    7   19   16   16   12    8   11   10   10   19
    4   15    1   13    6   15    1   14    8   15    2    7   14    4    2
    2    3    0    0   11    5    0   11    7    5    8   18   10    8    0
   12   20   12   18    7   19    8   18   15    3    0    2    4   18   20
   20   17    7   18   18   13    7   15   17   11   16    6   12   20   12
   10   10   15   15    5    7   17    0   20    8   15   16    7    6    3
    5   15    6   20    1   10   18    0    4    6   18   14    9   19   13
   19    1   14   20    9    5   12    3    3    4    0   16    0   15   16
    8   19    8   10   14    9    6   14    0   18   13   11   15    9   15
   14   13   12   10    4    2    0   14   11    1    0    3   19    2    8
   11    0    6    8    9    6    1    0    7   11    8   16    8   13   18
    0    1   11    5   18   13   16    6   15    0    7    9    0   15    8
    4   13   16    4   13    6   16   12    4   11   12   13   15    6    6
    0    7   15    6   18   20   11    9   11   12   16   14   18    8   13
    7   17   10    9    6    1   13   10   19    2    0   12   13   20   17
   20    9   15    2   14    5   12   17    6    0    2   14    8   10    4
   13    7   15   17    3   10    2   11    4   13   12    6   19   17    6
   19    5    4    2    3   12    0    1   18   13   17    0    9    2   12
   14    2   14   11   14   11    1    5    8    4   20    8   15   17    8
   18   13    7    7    7   15    3   20   16    1   11   18   16   18    1
   19    8    6   11   14   11    6   10   17    7   12   20    0    5    7
   17    8    2   16   12    1   15    0    0    4   19   14   13   14   12
    7   16   20   18   13    1    8   14   16   16   11    4    3    4    4
   16   17    0   20    2    1    6    1   11   15    9   17    8    0   17
   19   17    0    0   14   17    3   13    9    2   12   16    5    3   20
   15    7    9   11    7    0    3    1   14   16    0   18   12    2    1
   13    2    3   18   18   10    6    3   11   13   19    0    6    7    0

