          45      15941 0
  104  100  102   98  105   98  104   94   99   97  100   95  109   96  107
   96  103   92   96   97   98   98   94  106  106   99  103   99  109   97
   94  109  103  101  109  104   96  103  106   93   96   94  101   96   96
 -169  -61  -24  192  232  297  432  580  658  858  867  873  897  943 1016
 1060 1318 1334 1497 1599 1735 1784 1789 1853 1878 2301 2520 2604 2800 2997
 3047 3097 3132 3432 3450 3488 3521 3609 3643 3713 3877 3994 4051 4066 4144
    9   18    6   17    1    7   12    2    3    4   16   12   12   13    3
   20   16   17    6   18   14    3   10    3   11    0    0   10   10    4
    7    7    4    7   13   12   20    9    6   15    1   12   16   19    0
    0    0   15    4   10    5    6    8    4    7   10    4    7    1    3
   10    0    4    3   15   17    4    9   16    1    7   19   17    9   19
   18   16    3    9   15    1   17    7    5    5   19    9   20    1   11
    3    0   14    7    7    9    9   20    7   12   17   15   16   16   17
   11   19   15   19   12   11   19   20    5    0   13    8    4    8   14
   14    6   18    7   16    0    6    3    4    1   10   12    1   13   15
   13   13    0    8    0   18   15    7    7    0   19   12   10    7   12
   14    2   19   18   16   19   19   10   11   10    6    3   19   20   14
   14    3   19   11    2   16    7   11    9   16    6   15   14    6    0
    3    6   17    0    4    7    9    2   16   18   12   17    9   17   18
   12    9    9   20    6    1   12   14   13    4    2   17    5    0    0
    8   13    5    6    3   10    7    8    5    8    8    1   15   15   18
   10   10   11   10    0    0   14    5    8    8   20   15    1    6   18
    6    3    0    0   11    2    0    3   12    6   12    9    5   11    7
   18    2    4   20   19    9   17    2    0   12   13    7   11    5    0
   20   20    8   20    5    0    6    2   13   18   12    5   17    2    5
   12   13    5    5   14    7    4    6    0   20   12   19    7   16   18
    9   14   12   11   11    2    2    7    6    5    6    1    9   20    4
    8   16    0   17   20   15    0   12   19   12    3    6   17   12    1
   20   11    8    4   15   17   10   16   12    9   14    4    1    2   16
   18   18   10   12   10    0    6   10    8   12   18    3    3   14    6
    9    1    1    7   12   11    1    0    6   20   10   12    3    7    1
   17   12    2    0   18    0    5    5   17   19   11    6   20    8   16
   14   17   13    7    3    7   20    7    2    7   13    7   16    7   15
   14    5    1    4   10   14    3   13    0   11    2   16    7    9    8
    1    7   15    8   17   12    5   14    0   19    6   20    9    3    2
    8   20   20   14   17   13   11   18    0   13    5   18    2    5   18
   16   10    8    1    6    2    3    2    8    0   10    5    2   20    3
   11    6   15   15   12    3    9    1    9   10   10   11   10    1   18
    1    2    1   15    1   11   16    7    1   20    9    1   13   20   16
   13   15    2   19    9    9   14   11    7    7    0   11   16    6   20
   20   12    7   11   17   17    3    6    8   14   12   17    5    9    5
   11   14    3    9    7   12   16   19    1   11    3   12   19   15    3
    8   10    6   15   11    8   13   14    4   11    8    0    1    4   13
   17    8    0    0    4    1    5   16    6    8    3   20   15    9    8
   18    3   13    9   15   19   15   13    0    8    4   20   20   14    8
    2    6    6   15    1   18    7   16   13    1   13   12    0    8    0
   19    7   13   11    8   18   20   19    6   19    7    4   10    3    4
    7   18    7   20    3    4    3    9   12    5   19   15   13   12    0
    8    6   13    8   13    3    7   12    9   16    1    9    1    0   20
    7    4    3    2    9    2   20    6   10   14    0   11    6    3    7
    0    2   10   18    8   19   10    4   14    0   16   14    8    5    8
    2   20    7   19   11    7   10    8    8   18   16   12   17    3    0
   13    1   17   16    2    7   12   18   15   18    0    8    8   19   19
    1   14   14    2   16    5    4    3    8    5    6    7   11    1   11
    1    7    6    4   10   19   15   10    2   20   14   13    8   10   12
    0   18    3   20    7   12   18    1   20   11   14    2   15    8   20
   19   16   12   15    8    6   18    2   12    5    2   12   17    4    6
   18   15    0   18   13   10    5    1   13    3   18   20   10    5    0
    6    0    0    8   13   13   20    4    5   14   20   15    6   16    9
    8   15   15    1   11   19    5    5   16   10   13    5    3    7   18
    1   10   14    1    0    9    9   14    1   18    9   13    2    6   18
    6   17    0   19   20   15   16   11    8    5   11    8    5    1    4
    1    7   14   18   12   10   12    2   14    1   12   11   13   12    2
    9    5   13    3   20   16    4   20    0   12    4    8    6   13   10
    4   14   16    0    7   19   11    4    6   16   11   18    9   10    9
   18    2   17   11   18   11   20   10   15   14   18    9   10   12   20
   12    1    3    7   17    8    2   13   11   18   15    0   10   13   10
    7   18   13    0    0    3   18    1   17   15    9    0   18   19   14
   12   16    1    6    9    4   17   13    0    5   19   14    6   14   14
   15   11   16   11   11   19    3   19    1   15    7   13    1   17    0
    5    1    4   20    4    0   10    7   17    5    1    2   12   16    9
   13    9    3    5   16    6    0   12    8    3   15   10   11   15   18
    0    5    1    8    1    2   16   19   13    4    8    5    3   16   16
   15   10    2   15   14    6    0   11    3   19   12   13   14    5   10
    0   20    8   19   10    6   16   19   17   10    4    5   10    9    2
   20    3   20   15    9   17   13    4   19    2   16   13    7   11   11
   16   12   20    0   14    7    1    0   19    4   18    3    8    6   10
    3   16   14   19   12    7    1   10    3   12   18    5    8    9   10
   10   10   18    7    7    9   12    5   17    7    0    2   18   17    8
    3    5   10   17    1   14    4   12    0   20   20   18   20   13    2
    1    0   11   11    4   10   10    6   15    8    1    1    9   19    6
   19    7    0    0    5   20    7    7    8    9   10   18   11    8   20
    8   16   20    3    2    6    9   20    4    0   15   16   16    9   12
    1   20   14    4    3   12   20   16    2    9    4    0    4    6    0
   12    0    2    0   15    6    5    2    2   16   12    5   20   11    2
    8   15    3    2    1    1    0    0   15   17    0   18   10    4    5
   14    5   14    5   17   20   16   19    6   19   15    6    5   20    0
    2   19   13    3    2   11   11   16    6   20    8   11   18   20   14
    0    2    1   16   18    4   18   13   10   19    0    0   15   20    6
    7    2    0    7   12    0   17    7    8    5   17    9   11    7   17
   10    1    4    8   16   15    6    8    5   12    5    2   15    2   11
    8    4    0   14    0   19    4    9   12    4   12    5    0   18    7
   12    2   12    8   11   20   13    2    1   14    4    2    5   15    0
   19    9   10   18    1   19    1   16    6    9   16    1   17   10    0
    4   15   12    3    0    6   17   17   20    8    4    1   10    0   16
    1    1   14   15    6   13   10    0    4    7    6    2   19    9    6
   14    6   15    7   11   12   15    0   14    4    8   20   14   13    6
   10   19   13    9   16   11   20    7   18    2   16   11    5    5    0
    5    3    8    3    6    8   13    5    7   10   13   10    2   14    8
   16    5    8   15    1    2    8    1   20    5   10    5    6   16    0
   17   11   17    0    4    7    1   19   20    2   17    7    6    5   13
    0    3    2   10   20    5    7   10    7    6   17   20    5    9    8
   16    1   12    1   19    6   12   17   14   11   11    7   10   18    3
    7    0   20   15    6    9   18   10   10   11    2    7    8   14   19
   13    0   16   12    6   16   17    1   19   17    6   13    8    7    4
    1   11   13   14   18   17    6    1   11    5   16    9   19    2   13
   18   15   14    4    9    9   13    4    2    1   14   13    7    4    8
   15    5    0   17    7   11   14    3    4   15    2    8   13    0   12
    9   14   12   15    8    2   20    3    4    0   20   16    1   16   18
    0    8    3    7   19    5   15   19   16    5    6    5    8   14   14
   10   15    4    0    4   14   11    5   16    0   11    3   18    7    6
    1    5    9    4   13   12    0    2    8   12    4   13    2   19   17
   17   16    7   13    2   16   12    0   16    5   19   19    4   14   17
   11   13    8    6    0   11    5   12   13   11    1   14   17   16    6
    8   12    9   19   16    3   18    1    1   15   16   18   16   10   12
   18    5   20    2   17    7    6    1    6    7    5   13   11   18    1
    2   14   16   11    3    0    4   20    3   14    8   13    1    3    4
    0    0    3   19   15   16   13    1   20    7    7    7   20    8   20
    5    0   19    8   15    5    9    7   12    8   10   15   14    4    2
    4   11   10   18    3    4    0   14    7   12   16    0    1   10   12
   16   13    7   12    9   12    2   19   16   11    6   10    9    9   12
   13    9    9   10   13    7   16   16   14   14   13   11   13    9    6
    1   13   15    0    1    4    0    0   10   10   11   15    3   17    7
    7    3   14    8    9    4   15   12   20   16   14   13    6   20    0
    2    3   18    5    1   14   16    4   14    8   15   11    0   17    8
   19   14    1   18   20    4   19    6    0   17   20   18   15    7    9
    6    3    6   18    2    7   12   11    8    7   11    9    1    8   12
   19   13   15   16    9   14   13    5   17   16   18   20    3    1   10
   13    5    8   20    8   17    9    9    0    0    1    7   13   17    6
    0    6    8    2    1   16   11   19   13   12    5    4    1    2    3
   16    6    0    2   14    0   11   15   19   17    0    2   12    7   19
   14   13    1    9   15    6    7    0   12    8    0    9   10    9   11
    3   13    0    2    5   15   19   14   20    7    1    9    3    8    0
    8    6    9   15   19   20   13    4   15   11   19    7   12   18    2
   18    4   20   13    1   13   16   16    6   18   15    0   18   18   19
    1   20    3   13   12   11   13    0    0    6    0    8    4    9   17
   17   14    5    9    7    5   14    6    2    7    9    5   18   20   14
    9   18   19    9   18   13   19   14   19    8   18    9    0   14    3
   16   17    5    3   17   10    1   18    3    4   14   10   10    4    8
   10    6    2    8   19   19   12    1    6    0    4    2   11   19    0
    6   17   19    0    0   12    5    5   15   19    2    0   18    0   20
   14    3   19    2   13   16    4    5    1   11   18   20   12   20    9
   10   16    2    7   19    7   20    4   14    3    0    4   13    5   20
    6   16   11    1   20   15    8    7    2   16   14   14   19    7    0

